Y;X1;X2
10;5;5
16057;6528;9529
6940;2988;3952
1869;266;1603
1037;594;443
13837;8881;4956
9360;9059;301
11445;8003;3442
10067;3593;6474
14906;7550;7356
5742;4641;1101
14292;7673;6619
10334;7942;2392
11847;4076;7771
3127;3101;26
6775;1358;5417
11337;9576;1761
8002;5276;2726
10052;8867;1185
17521;8058;9463
11697;9905;1792
3133;1730;1403
14802;9049;5753
15958;8796;7162
15964;9993;5971
14826;7048;7778
13077;6157;6920
6584;1313;5271
5971;3574;2397
9371;3733;5638
11026;4930;6096
2340;983;1357
10953;8499;2454
5485;3803;1682
4253;2065;2188
2970;689;2281
17249;7938;9311
12505;5414;7091
11590;1707;9883
8651;1240;7411
6962;5571;1391
7516;5851;1665
6090;4695;1395
12117;8118;3999
7397;2709;4688
13797;4744;9053
12405;7117;5288
11395;7030;4365
13987;9128;4859
13906;6927;6979
13478;3557;9921
14231;9979;4252
6602;2369;4233
7747;1044;6703
4114;3047;1067
11953;3419;8534
11796;7877;3919
8050;6128;1922
4426;2135;2291
7411;4495;2916
4199;2874;1325
13315;3736;9579
4288;2968;1320
3677;2990;687
11467;6951;4516
15855;6443;9412
4044;2134;1910
10232;8616;1616
12581;7022;5559
4384;1645;2739
9601;7092;2509
11506;5131;6375
13519;5257;8262
6941;5435;1506
9080;8099;981
6360;2987;3373
12220;6124;6096
13208;9548;3660
10134;7332;2802
7050;4273;2777
11739;2043;9696
9721;5724;3997
12434;6718;5716
8308;8124;184
10242;5391;4851
3010;2919;91
11269;1647;9622
14038;6141;7897
8528;3389;5139
14761;5985;8776
4878;2768;2110
10179;9537;642
11929;4629;7300
2491;804;1687
15588;6057;9531
7277;1211;6066
6787;874;5913
6995;4600;2395
14509;7018;7491
8505;3090;5415
8297;5320;2977
5430;1018;4412
2214;768;1446
15476;8997;6479
5706;4618;1088
6166;5647;519
10464;3237;7227
12150;3164;8986
11719;2391;9328
7137;7041;96
14624;9377;5247
12011;2547;9464
10834;8054;2780
17369;7787;9582
17645;8320;9325
4811;2696;2115
12220;9225;2995
9125;2995;6130
9612;1302;8310
7132;5322;1810
13518;9259;4259
10490;2699;7791
9045;8187;858
11127;4267;6860
1837;631;1206
15865;8977;6888
15082;8425;6657
13958;4812;9146
4046;1227;2819
14341;4794;9547
2696;2592;104
14515;7026;7489
5495;968;4527
7441;3081;4360
14839;7513;7326
7010;2316;4694
12347;9760;2587
16275;6510;9765
5935;3037;2898
3889;3591;298
8986;1080;7906
5940;4533;1407
10516;6738;3778
6339;1188;5151
11731;5367;6364
13559;5737;7822
11021;7297;3724
10217;2636;7581
10596;9532;1064
16795;8307;8488
3629;2792;837
523;105;418
15330;6515;8815
15684;7618;8066
10351;7007;3344
4910;1846;3064
4222;4134;88
8072;3342;4730
9811;7610;2201
14041;4041;10000
11718;7263;4455
9110;5094;4016
11096;8005;3091
13383;4831;8552
7027;1986;5041
4168;1884;2284
6238;2000;4238
10150;6756;3394
8654;342;8312
7883;7269;614
9353;642;8711
19402;9829;9573
9364;5976;3388
7292;7088;204
12308;4735;7573
8461;7445;1016
5475;2162;3313
8161;925;7236
12528;7806;4722
14129;9059;5070
8909;1965;6944
6381;1976;4405
9372;5157;4215
7937;4134;3803
11102;5062;6040
4655;4066;589
4368;286;4082
4602;837;3765
14869;5106;9763
16505;8787;7718
5727;1205;4522
7790;5661;2129
3360;977;2383
15297;7953;7344
10201;5697;4504
10277;9749;528
7572;1074;6498
4505;2538;1967
10924;6837;4087
4265;2265;2000
6276;4047;2229
882;627;255
6855;2162;4693
15494;6159;9335
8162;2774;5388
6453;3879;2574
7510;1385;6125
4126;2959;1167
10497;7630;2867
11970;8545;3425
7008;6682;326
7407;6693;714
5744;965;4779
12244;4313;7931
13373;9730;3643
6387;1170;5217
8461;7916;545
10139;6441;3698
6930;174;6756
9385;1727;7658
5883;5450;433
18252;9912;8340
14992;6286;8706
7824;6762;1062
10046;1835;8211
5495;4514;981
2665;1197;1468
6000;2882;3118
16819;8452;8367
2240;1487;753
18571;9475;9096
6544;228;6316
9089;4507;4582
7895;4163;3732
6915;6105;810
15383;7170;8213
14513;7771;6742
5224;3674;1550
9303;3287;6016
10181;9495;686
10020;4314;5706
9870;69;9801
15719;8891;6828
1968;1938;30
9802;3222;6580
3146;2286;860
8085;2292;5793
4830;2158;2672
18620;9284;9336
14597;6482;8115
13756;6535;7221
8556;1252;7304
13162;5779;7383
9808;6011;3797
15483;5931;9552
5154;1998;3156
8399;532;7867
18752;9770;8982
9864;7738;2126
13034;5169;7865
3665;626;3039
6223;5715;508
18458;9956;8502
7891;7250;641
6223;3839;2384
10891;1982;8909
8622;7661;961
8255;5171;3084
6300;3541;2759
9051;332;8719
11720;7606;4114
9402;220;9182
19384;9932;9452
11315;9977;1338
15573;6650;8923
13001;7077;5924
9476;680;8796
4888;4324;564
7593;4667;2926
16575;6750;9825
9139;7741;1398
10000;8461;1539
16131;8818;7313
4602;40;4562
7462;6683;779
11907;5158;6749
6669;2434;4235
9021;6626;2395
17598;8840;8758
12447;5098;7349
13752;8430;5322
10350;3442;6908
7732;1613;6119
10429;4937;5492
10344;2279;8065
8956;4221;4735
11930;3748;8182
17724;8776;8948
9763;722;9041
15898;7095;8803
16166;8820;7346
15768;8610;7158
5471;3677;1794
15415;8420;6995
3846;772;3074
11522;6614;4908
7854;6127;1727
15552;9625;5927
16066;8959;7107
17654;8550;9104
16044;9342;6702
9071;8594;477
9786;3196;6590
9222;6174;3048
6192;321;5871
8923;8576;347
11424;9693;1731
7410;1329;6081
5889;761;5128
6097;4309;1788
16468;9958;6510
16722;9875;6847
9464;7066;2398
9127;5698;3429
10108;6917;3191
11592;2440;9152
12001;4140;7861
14501;5992;8509
14869;5697;9172
10613;819;9794
6737;22;6715
11920;8182;3738
8849;1991;6858
13544;4531;9013
8099;3371;4728
5469;1146;4323
9967;6123;3844
5408;4659;749
6786;5816;970
11531;9339;2192
7784;131;7653
11348;6063;5285
12088;5591;6497
17354;9069;8285
8404;6320;2084
6018;275;5743
18518;8776;9742
9725;5676;4049
7282;1007;6275
15987;6767;9220
11711;7238;4473
15812;7516;8296
17697;8665;9032
8045;7338;707
6375;5690;685
9206;5060;4146
9537;2144;7393
8994;8161;833
6590;1948;4642
14888;5602;9286
2100;1880;220
9237;2799;6438
10089;922;9167
15850;6473;9377
8742;2756;5986
16562;6962;9600
14338;7983;6355
11323;6004;5319
5022;1837;3185
5023;3964;1059
6930;2598;4332
16947;7962;8985
9448;4932;4516
8343;6046;2297
9746;3914;5832
7370;4794;2576
9961;7618;2343
12709;6577;6132
11159;9021;2138
12396;7053;5343
7966;1439;6527
14377;5727;8650
5906;3101;2805
18509;9677;8832
15968;6766;9202
9220;4788;4432
11034;1528;9506
9504;4572;4932
16886;7138;9748
13783;8824;4959
6021;4332;1689
9139;5700;3439
10872;5643;5229
7817;6345;1472
11910;8702;3208
7256;4187;3069
6783;3596;3187
9925;2062;7863
9877;1737;8140
12167;2558;9609
14114;6350;7764
8379;7653;726
4033;2753;1280
8134;5051;3083
7358;2421;4937
11201;4886;6315
11228;6480;4748
729;700;29
5887;3290;2597
12038;8398;3640
10375;1140;9235
14201;7493;6708
16287;9279;7008
11415;7184;4231
13335;8945;4390
4690;1960;2730
2535;1752;783
5700;694;5006
3636;3391;245
10434;9858;576
3165;2638;527
9304;9178;126
10099;1239;8860
12523;5572;6951
10793;5795;4998
5851;2912;2939
9425;1566;7859
4854;3527;1327
6078;819;5259
14009;8435;5574
10200;7706;2494
7322;5408;1914
12911;5537;7374
12807;9683;3124
15469;5473;9996
6666;4908;1758
15150;8885;6265
2033;128;1905
15504;8320;7184
7168;2740;4428
2650;1590;1060
4110;556;3554
4590;3251;1339
4850;2224;2626
7425;259;7166
5338;75;5263
9905;7006;2899
5416;2112;3304
6620;6299;321
11326;6082;5244
7930;6034;1896
2519;1891;628
13465;4303;9162
17562;9697;7865
6864;3496;3368
2940;2247;693
4789;3904;885
12590;9312;3278
15501;5950;9551
2977;787;2190
5365;4064;1301
7035;5735;1300
13841;6100;7741
3394;709;2685
14970;8180;6790
9833;1046;8787
13573;7076;6497
12010;5534;6476
10577;5806;4771
12645;7991;4654
8643;692;7951
10448;8016;2432
11995;2598;9397
13568;4921;8647
14045;6798;7247
9090;3152;5938
6165;3229;2936
2184;884;1300
8825;3201;5624
10301;2015;8286
11629;3094;8535
9983;1161;8822
7377;3034;4343
12940;7891;5049
6878;2181;4697
9752;714;9038
8964;6441;2523
8162;2890;5272
12002;9875;2127
13041;4506;8535
14810;7069;7741
8644;3202;5442
11372;7249;4123
15148;5600;9548
11592;1726;9866
14794;5024;9770
6014;3542;2472
15634;5861;9773
16054;6105;9949
15840;5873;9967
18114;8639;9475
12936;5027;7909
11841;7217;4624
16732;8789;7943
2607;2257;350
6854;826;6028
4195;1721;2474
8001;1747;6254
16758;9252;7506
14698;5946;8752
8125;4044;4081
9351;5343;4008
7375;1682;5693
6734;1043;5691
7142;4920;2222
10969;9767;1202
11810;8831;2979
15352;8127;7225
11290;7341;3949
9331;1719;7612
12210;9551;2659
6487;5267;1220
7700;1361;6339
5814;1477;4337
12135;9164;2971
10552;3293;7259
14321;8842;5479
3311;561;2750
19576;9894;9682
3995;2724;1271
4953;1866;3087
10123;2375;7748
14818;9012;5806
10212;7303;2909
2123;1666;457
8556;6594;1962
2127;862;1265
13157;5419;7738
15734;6106;9628
1647;471;1176
5466;4716;750
7843;362;7481
14538;9720;4818
12394;4465;7929
7406;3560;3846
19261;9409;9852
16488;7107;9381
11364;2663;8701
12966;6925;6041
3856;1185;2671
11785;8840;2945
11159;2020;9139
11248;7669;3579
6476;5301;1175
9678;6748;2930
6212;3371;2841
4763;1400;3363
6352;5990;362
15450;6833;8617
3064;984;2080
8766;198;8568
13189;3401;9788
11836;5024;6812
12737;7351;5386
10408;8830;1578
12264;5131;7133
12108;7684;4424
6081;1814;4267
9104;7023;2081
11115;1169;9946
14122;9841;4281
3727;1473;2254
11685;7958;3727
14879;9368;5511
3461;81;3380
7393;7052;341
7816;6403;1413
7820;2905;4915
2874;336;2538
14109;7395;6714
18353;8375;9978
1312;522;790
14189;7473;6716
10835;8923;1912
10565;3700;6865
4822;3973;849
15500;9627;5873
15657;5672;9985
6320;2932;3388
8945;2871;6074
3857;2546;1311
4839;845;3994
9487;9400;87
2834;580;2254
11701;4612;7089
5416;2747;2669
18325;9955;8370
15862;7638;8224
9663;1997;7666
13896;4283;9613
8876;4225;4651
14231;5202;9029
13063;9905;3158
8965;4260;4705
5827;1842;3985
14754;7629;7125
8509;3390;5119
10195;6673;3522
4463;1685;2778
13907;6315;7592
17813;9273;8540
13265;9780;3485
4651;1977;2674
10224;7949;2275
3610;1276;2334
6505;5712;793
16449;7608;8841
13021;7818;5203
1586;1448;138
7980;331;7649
10704;3281;7423
9106;430;8676
13983;9000;4983
11135;2227;8908
11044;9284;1760
6728;6409;319
17946;9548;8398
4558;36;4522
8320;1484;6836
11938;4424;7514
9847;5135;4712
8987;7404;1583
9007;1837;7170
8033;5767;2266
13837;4755;9082
2985;664;2321
11597;9028;2569
18409;9295;9114
7874;1216;6658
13293;7386;5907
19163;9961;9202
7193;6470;723
2821;2459;362
13889;9438;4451
14321;5507;8814
13664;4666;8998
17083;9654;7429
5608;4120;1488
8644;4429;4215
8020;7937;83
2105;1830;275
3967;2894;1073
15937;7189;8748
8761;3332;5429
12926;4776;8150
1303;733;570
2904;1676;1228
4257;2082;2175
16109;6755;9354
5695;2750;2945
13913;8699;5214
15963;9113;6850
1609;762;847
12528;6483;6045
19386;9670;9716
9481;4713;4768
10166;8544;1622
740;527;213
14308;5812;8496
7651;7530;121
13292;7351;5941
4684;4577;107
7496;4470;3026
12686;4563;8123
13778;9229;4549
7247;2780;4467
5003;1109;3894
16657;7472;9185
13879;9962;3917
11319;2256;9063
10056;1475;8581
16741;8352;8389
10283;2954;7329
7511;4526;2985
13047;3810;9237
5693;3657;2036
11381;9238;2143
16286;8914;7372
8702;7622;1080
11923;6494;5429
11827;3279;8548
6455;2965;3490
7619;2648;4971
9284;8369;915
12893;9383;3510
10876;9172;1704
4988;3668;1320
10729;6187;4542
4085;3823;262
9397;8570;827
3281;2166;1115
9606;8048;1558
14222;6007;8215
15214;5904;9310
14808;9132;5676
15620;9686;5934
11167;6764;4403
11511;7843;3668
10985;6386;4599
16145;9959;6186
13237;3361;9876
12678;8240;4438
5551;4467;1084
8631;757;7874
3852;3453;399
17461;9017;8444
12485;6124;6361
6720;4557;2163
10866;3195;7671
15380;7478;7902
13688;9455;4233
6842;1154;5688
5358;4962;396
2282;1448;834
4390;4327;63
10511;4444;6067
15011;6199;8812
18028;8252;9776
11261;5388;5873
12382;3432;8950
9923;4362;5561
5497;3334;2163
15678;6736;8942
15133;7810;7323
8195;1494;6701
6699;6272;427
9574;8847;727
10667;9777;890
13540;5633;7907
15990;8332;7658
10114;9522;592
11709;7522;4187
7752;5143;2609
7158;5991;1167
8701;3694;5007
16074;9357;6717
3545;2651;894
10576;9138;1438
13663;4082;9581
14185;8729;5456
8968;5902;3066
14514;4952;9562
13431;9390;4041
13389;8703;4686
16565;8225;8340
7454;6525;929
7690;2373;5317
15361;9725;5636
2511;2086;425
16224;9742;6482
8634;6213;2421
6603;5366;1237
790;260;530
12334;8767;3567
5099;3072;2027
8831;5460;3371
19117;9747;9370
7163;3847;3316
6105;5792;313
6910;847;6063
13858;7910;5948
17290;9819;7471
8933;6695;2238
6850;263;6587
15315;9495;5820
17681;9793;7888
8065;1106;6959
8951;4878;4073
6725;417;6308
12360;3028;9332
8229;3127;5102
7103;5237;1866
11667;9096;2571
12867;3000;9867
14453;9447;5006
8289;4249;4040
15473;9250;6223
10376;8779;1597
3714;1309;2405
19525;9550;9975
12626;5119;7507
11951;4673;7278
7200;5269;1931
19490;9585;9905
7900;640;7260
10814;7529;3285
10742;6249;4493
11127;4697;6430
9572;2849;6723
13971;4052;9919
8948;4868;4080
7717;7520;197
9869;2667;7202
5877;2027;3850
6955;1133;5822
13241;3447;9794
15599;9216;6383
15610;7417;8193
4845;4458;387
15679;8886;6793
10256;8490;1766
8223;4795;3428
6343;5392;951
18778;8910;9868
8847;4230;4617
3221;743;2478
11853;4001;7852
7415;251;7164
9706;7288;2418
7020;2004;5016
3436;2532;904
15213;7182;8031
12790;5812;6978
4940;1227;3713
18509;9051;9458
8838;5360;3478
10793;6131;4662
10589;3519;7070
13940;5099;8841
15235;8203;7032
10162;9397;765
6655;6046;609
8723;3939;4784
4621;455;4166
6035;335;5700
7784;6978;806
5559;5531;28
10932;9739;1193
12619;3128;9491
15656;7711;7945
9803;1677;8126
9328;1918;7410
17640;9361;8279
17606;8589;9017
8268;3756;4512
18249;9912;8337
7911;778;7133
15899;8476;7423
14943;6772;8171
10340;3870;6470
8379;6237;2142
8355;411;7944
10729;7385;3344
6230;1007;5223
6428;1358;5070
7019;1669;5350
9146;467;8679
8803;994;7809
2737;1810;927
12682;5524;7158
11083;3312;7771
14497;7377;7120
10566;3400;7166
11090;9628;1462
16280;8696;7584
5867;382;5485
13455;6325;7130
16691;9262;7429
14300;9527;4773
17493;8422;9071
18755;8801;9954
11178;2316;8862
14769;8812;5957
12931;5085;7846
12684;7428;5256
6529;5796;733
15708;7485;8223
11655;9025;2630
4656;2610;2046
16088;9563;6525
9915;295;9620
11019;6823;4196
3336;1226;2110
4080;3608;472
8786;5418;3368
7996;7369;627
1282;1228;54
6944;5160;1784
18339;8382;9957
12270;4361;7909
9840;521;9319
8904;6895;2009
18671;9546;9125
10606;2699;7907
11045;6750;4295
4486;4442;44
9855;8705;1150
4853;1317;3536
18190;9742;8448
14853;6235;8618
8377;2770;5607
12602;8286;4316
14689;8212;6477
12744;6653;6091
8883;40;8843
6749;3266;3483
18158;9133;9025
11085;3043;8042
16962;8248;8714
10997;1321;9676
12934;3922;9012
7550;5125;2425
11766;8525;3241
9990;5335;4655
7896;5147;2749
11714;7853;3861
11639;5427;6212
1924;1699;225
4589;1783;2806
11523;6199;5324
17056;9333;7723
15021;7569;7452
8139;1877;6262
8300;4040;4260
3502;2574;928
14999;8683;6316
7150;4387;2763
5843;3729;2114
17170;8877;8293
11408;1793;9615
13722;7078;6644
10494;2921;7573
3867;1395;2472
13139;5502;7637
4899;1490;3409
6059;4936;1123
12748;7291;5457
14253;5123;9130
12912;6769;6143
5493;1429;4064
12069;9058;3011
13982;7292;6690
15305;6387;8918
5617;4260;1357
16377;8670;7707
823;371;452
8878;8831;47
18168;8778;9390
6940;6071;869
13215;9397;3818
8286;738;7548
6592;3002;3590
8726;2831;5895
7849;5105;2744
8805;330;8475
12595;6438;6157
10995;7997;2998
9830;1692;8138
10999;3093;7906
7602;2153;5449
13325;3360;9965
11376;7078;4298
13349;9139;4210
14439;4514;9925
8582;3871;4711
14884;6530;8354
2749;37;2712
11405;7287;4118
6648;6425;223
7846;5225;2621
10431;8550;1881
10113;4440;5673
10365;1763;8602
10167;568;9599
7891;6659;1232
10645;4057;6588
6257;3905;2352
8548;2242;6306
10571;4301;6270
5863;64;5799
6363;6124;239
4827;4271;556
13373;5444;7929
7978;7656;322
9170;299;8871
9819;8062;1757
7387;3964;3423
11586;2061;9525
14998;6359;8639
11301;2099;9202
12592;3688;8904
8696;3562;5134
9139;5419;3720
5000;3269;1731
13582;9954;3628
3560;859;2701
9420;2067;7353
11697;5073;6624
17992;8858;9134
5702;792;4910
15630;9233;6397
10353;9257;1096
11995;2030;9965
8588;3146;5442
9546;468;9078
6884;85;6799
4386;2224;2162
7167;3577;3590
12100;8872;3228
15702;8155;7547
10942;8401;2541
5498;4574;924
8424;3861;4563
2525;502;2023
9481;2372;7109
13466;7224;6242
14778;6258;8520
8578;5577;3001
13493;5972;7521
9121;5722;3399
19551;9580;9971
8452;5274;3178
18283;9839;8444
9573;4597;4976
12184;4518;7666
15706;7833;7873
10896;2838;8058
7876;5336;2540
9752;1163;8589
8260;5381;2879
14840;5789;9051
7070;2029;5041
4130;2162;1968
13821;7539;6282
13407;7489;5918
13142;5152;7990
5311;4213;1098
17068;9737;7331
16307;8394;7913
11024;5758;5266
3601;321;3280
5841;1001;4840
9963;3928;6035
6893;6008;885
15553;9889;5664
3886;193;3693
13388;8128;5260
17591;9301;8290
11884;6793;5091
8429;7944;485
15490;7270;8220
18805;9795;9010
4852;3658;1194
13292;9264;4028
8662;4057;4605
7258;6538;720
6390;545;5845
7559;6258;1301
6617;1838;4779
8231;5431;2800
18137;8459;9678
9918;3373;6545
16291;9600;6691
16382;8977;7405
3891;2942;949
12182;6291;5891
12563;5538;7025
12269;4073;8196
11245;2766;8479
6117;2344;3773
12509;6589;5920
13364;6998;6366
8994;6965;2029
13678;5419;8259
8648;6224;2424
14138;6527;7611
13530;8784;4746
13481;8585;4896
9751;8601;1150
14043;7750;6293
17539;7857;9682
15713;6685;9028
3851;419;3432
2019;1674;345
7462;862;6600
6897;256;6641
3711;3242;469
10470;4792;5678
12730;4251;8479
3387;2656;731
12922;6030;6892
16032;7994;8038
3455;1476;1979
13169;6482;6687
12086;9720;2366
4507;2072;2435
12461;8922;3539
1720;1208;512
18864;9331;9533
15011;5262;9749
13011;8530;4481
4434;33;4401
13146;9777;3369
15595;8800;6795
15079;6298;8781
6367;489;5878
12821;8443;4378
9368;6457;2911
10881;9721;1160
18069;9774;8295
3141;2786;355
5352;4646;706
10842;6680;4162
19128;9170;9958
16720;6851;9869
11968;5141;6827
12569;9038;3531
12198;8637;3561
5198;2692;2506
5628;5578;50
13964;8765;5199
7109;5584;1525
3697;3623;74
12991;3606;9385
13009;9694;3315
11217;8254;2963
7715;6111;1604
13040;8658;4382
10533;2555;7978
17345;8898;8447
14566;4769;9797
16422;8385;8037
4780;1304;3476
18545;8668;9877
7427;5799;1628
4016;2274;1742
18198;9875;8323
13343;5964;7379
8970;6566;2404
5907;3073;2834
9950;3469;6481
10864;4764;6100
14223;6280;7943
5477;2542;2935
9660;1463;8197
15923;7550;8373
9566;3599;5967
13528;6586;6942
1931;837;1094
9748;5522;4226
5020;2736;2284
6804;2506;4298
9956;6358;3598
8036;7842;194
14361;6996;7365
16010;7600;8410
14710;9645;5065
3024;423;2601
12923;4917;8006
14596;8603;5993
11254;8345;2909
9242;7250;1992
11984;7786;4198
12192;8203;3989
11878;7853;4025
14035;4288;9747
5854;1931;3923
14038;8136;5902
16869;7093;9776
2222;820;1402
10464;6207;4257
8443;2826;5617
3547;1090;2457
6087;1345;4742
16032;7467;8565
10977;6842;4135
12916;3881;9035
3618;3495;123
13319;8162;5157
7784;7520;264
6087;3949;2138
532;459;73
7862;644;7218
2986;2125;861
10818;5594;5224
13173;6244;6929
6292;3028;3264
9610;4944;4666
9887;6589;3298
9441;8852;589
2399;228;2171
8634;2391;6243
12063;6689;5374
2368;279;2089
11145;2146;8999
6087;195;5892
6043;3499;2544
7872;2709;5163
16683;8362;8321
9053;5315;3738
15027;6428;8599
13622;5618;8004
12701;5904;6797
13270;4859;8411
5129;4205;924
12843;7355;5488
2672;495;2177
10202;7316;2886
12927;4424;8503
7669;3649;4020
10882;3658;7224
5591;4756;835
12805;3518;9287
15697;9688;6009
5286;5178;108
4958;3321;1637
10571;7294;3277
5511;4178;1333
8338;6586;1752
16305;6720;9585
17151;7475;9676
17369;9129;8240
6507;4872;1635
5285;5128;157
293;232;61
8911;8141;770
9396;6734;2662
13648;5082;8566
12496;3318;9178
13525;3563;9962
17128;9943;7185
1230;386;844
5198;1235;3963
13300;3893;9407
14446;6622;7824
3951;1292;2659
12724;9668;3056
5411;3927;1484
16753;8983;7770
2397;270;2127
8956;2968;5988
7720;3282;4438
9676;3480;6196
9178;2885;6293
7524;5213;2311
7035;603;6432
12006;6910;5096
7324;3507;3817
8664;6608;2056
9773;3103;6670
5582;5022;560
12692;5247;7445
18405;9022;9383
12934;8153;4781
13513;7230;6283
10536;2606;7930
9625;2315;7310
18399;9196;9203
9834;6836;2998
11842;9240;2602
4874;4758;116
4950;4472;478
-13520;-6580;-6940
-12948;-9543;-3405
-14793;-5642;-9151
-11955;-2636;-9319
-14051;-7753;-6298
-6037;-4437;-1600
-9376;-1512;-7864
-5958;-2958;-3000
-15149;-7665;-7484
-9467;-512;-8955
-15958;-9612;-6346
-14950;-9017;-5933
-16399;-8557;-7842
-13758;-6310;-7448
-8597;-8414;-183
-7518;-3429;-4089
-7485;-433;-7052
-18443;-9599;-8844
-6732;-3044;-3688
-11913;-6264;-5649
-7856;-756;-7100
-12179;-2349;-9830
-9051;-802;-8249
-12081;-6124;-5957
-5003;-3283;-1720
-8405;-6901;-1504
-11028;-6899;-4129
-12399;-8446;-3953
-16883;-8178;-8705
-6254;-2593;-3661
-12311;-9770;-2541
-7936;-7542;-394
-9503;-4303;-5200
-15128;-6557;-8571
-9057;-7656;-1401
-11853;-7495;-4358
-7595;-4191;-3404
-7742;-7128;-614
-16999;-7825;-9174
-5877;-554;-5323
-13773;-9467;-4306
-6045;-543;-5502
-16767;-8528;-8239
-7562;-7168;-394
-1604;-1405;-199
-16524;-7759;-8765
-10234;-959;-9275
-13724;-7285;-6439
-6119;-2637;-3482
-13141;-6321;-6820
-12819;-6862;-5957
-7944;-1018;-6926
-7843;-6844;-999
-11787;-9562;-2225
-9193;-5821;-3372
-14683;-7543;-7140
-6984;-1000;-5984
-10986;-4786;-6200
-9263;-8286;-977
-11881;-9845;-2036
-9235;-3956;-5279
-10082;-3414;-6668
-12505;-5383;-7122
-6364;-4029;-2335
-1549;-40;-1509
-5632;-5293;-339
-17542;-8531;-9011
-11560;-2887;-8673
-5516;-4285;-1231
-9586;-7764;-1822
-4197;-2043;-2154
-9318;-781;-8537
-3615;-2634;-981
-17514;-9022;-8492
-15682;-7613;-8069
-14436;-6799;-7637
-6338;-2202;-4136
-15454;-8251;-7203
-4736;-568;-4168
-8274;-3288;-4986
-12948;-3199;-9749
-5471;-1259;-4212
-8039;-5433;-2606
-13215;-9935;-3280
-9741;-6737;-3004
-7903;-2659;-5244
-11074;-4867;-6207
-2309;-548;-1761
-9492;-8169;-1323
-11622;-4371;-7251
-3026;-966;-2060
-13994;-5585;-8409
-13737;-4253;-9484
-15748;-9411;-6337
-10584;-5834;-4750
-16694;-7435;-9259
-15263;-7164;-8099
-14391;-4404;-9987
-11981;-6520;-5461
-8203;-1996;-6207
-15612;-9870;-5742
-11020;-9360;-1660
-7659;-2168;-5491
-9342;-8602;-740
-6602;-3781;-2821
-9999;-5487;-4512
-4875;-2969;-1906
-13856;-6188;-7668
-15829;-9221;-6608
-15268;-5353;-9915
-10318;-6669;-3649
-7887;-1791;-6096
-12047;-7948;-4099
-2079;-1617;-462
-14403;-8141;-6262
-12490;-5265;-7225
-10661;-9238;-1423
-17149;-8554;-8595
-15294;-8700;-6594
-7678;-5865;-1813
-12382;-5023;-7359
-12167;-5060;-7107
-4762;-1609;-3153
-2441;-2374;-67
-15404;-7759;-7645
-17808;-9019;-8789
-15435;-6004;-9431
-16777;-8677;-8100
-7361;-1773;-5588
-5979;-2044;-3935
-4766;-3595;-1171
-6789;-1344;-5445
-7228;-6554;-674
-12025;-6853;-5172
-11440;-3571;-7869
-5258;-3823;-1435
-5429;-842;-4587
-14868;-7479;-7389
-8630;-5101;-3529
-10415;-3769;-6646
-4563;-752;-3811
-10275;-8117;-2158
-11790;-4741;-7049
-10287;-9898;-389
-3190;-1976;-1214
-12548;-5685;-6863
-18973;-9842;-9131
-12727;-8942;-3785
-5795;-2937;-2858
-11133;-8123;-3010
-8268;-2264;-6004
-8860;-6956;-1904
-8398;-6710;-1688
-2757;-2380;-377
-11358;-5570;-5788
-5222;-4801;-421
-11714;-5200;-6514
-13100;-3820;-9280
-12380;-2883;-9497
-694;-244;-450
-14620;-8570;-6050
-9800;-4636;-5164
-131;-32;-99
-8809;-1566;-7243
-9562;-1498;-8064
-10715;-9937;-778
-13531;-5263;-8268
-11059;-5285;-5774
-6193;-1632;-4561
-3299;-658;-2641
-9541;-7893;-1648
-8863;-6464;-2399
-4231;-2046;-2185
-6181;-5918;-263
-13025;-9949;-3076
-13568;-8050;-5518
-12754;-8095;-4659
-11450;-9246;-2204
-11988;-4036;-7952
-5538;-3566;-1972
-12546;-7654;-4892
-5134;-4780;-354
-10403;-6360;-4043
-2800;-554;-2246
-14498;-6186;-8312
-8444;-85;-8359
-6766;-4560;-2206
-11364;-5121;-6243
-4466;-2695;-1771
-5988;-1317;-4671
-832;-485;-347
-5872;-4312;-1560
-12418;-9098;-3320
-2016;-552;-1464
-8716;-18;-8698
-8847;-738;-8109
-19371;-9597;-9774
-7759;-4313;-3446
-10259;-411;-9848
-12118;-7983;-4135
-15339;-7171;-8168
-18097;-8587;-9510
-11079;-7875;-3204
-8597;-8295;-302
-8695;-1779;-6916
-5807;-3838;-1969
-14941;-5991;-8950
-12280;-3297;-8983
-13070;-9037;-4033
-7253;-990;-6263
-14031;-4154;-9877
-12465;-7182;-5283
-5340;-2952;-2388
-10733;-8992;-1741
-2811;-234;-2577
-4786;-3810;-976
-9398;-3201;-6197
-10593;-2473;-8120
-3658;-252;-3406
-4210;-3484;-726
-12444;-5810;-6634
-7007;-1674;-5333
-14040;-4139;-9901
-6317;-4907;-1410
-18200;-9035;-9165
-9207;-4407;-4800
-1046;-182;-864
-2437;-85;-2352
-6908;-4538;-2370
-6187;-2782;-3405
-9359;-2268;-7091
-6420;-861;-5559
-3203;-947;-2256
-7686;-2598;-5088
-6897;-5388;-1509
-10426;-5156;-5270
-11656;-3560;-8096
-3874;-1690;-2184
-8599;-5525;-3074
-13735;-5185;-8550
-11845;-6827;-5018
-2479;-360;-2119
-11931;-6081;-5850
-5514;-4792;-722
-9500;-7481;-2019
-12459;-3676;-8783
-12018;-9235;-2783
-16825;-7471;-9354
-11621;-6296;-5325
-11146;-1329;-9817
-12256;-9425;-2831
-7012;-204;-6808
-3211;-1186;-2025
-6236;-5289;-947
-11828;-5266;-6562
-10389;-1176;-9213
-9531;-3861;-5670
-6646;-5960;-686
-7355;-6318;-1037
-10475;-3071;-7404
-11312;-7164;-4148
-13174;-8843;-4331
-10313;-8696;-1617
-5209;-3104;-2105
-13976;-5760;-8216
-8658;-4845;-3813
-17542;-7902;-9640
-8448;-6484;-1964
-15987;-8985;-7002
-7301;-128;-7173
-4132;-3400;-732
-13097;-9769;-3328
-8415;-8036;-379
-12188;-3771;-8417
-15921;-7672;-8249
-6780;-6182;-598
-7817;-2076;-5741
-8889;-8851;-38
-7674;-174;-7500
-16701;-8615;-8086
-13008;-5444;-7564
-12139;-3134;-9005
-11951;-9677;-2274
-15671;-8958;-6713
-14839;-7002;-7837
-2074;-709;-1365
-5819;-2525;-3294
-16243;-8649;-7594
-14460;-6212;-8248
-17001;-9731;-7270
-8888;-7733;-1155
-10992;-7394;-3598
-4923;-856;-4067
-2460;-2135;-325
-9227;-938;-8289
-2521;-1775;-746
-14209;-5759;-8450
-13243;-8992;-4251
-16209;-7345;-8864
-12586;-8919;-3667
-6266;-4749;-1517
-13466;-4298;-9168
-10083;-6878;-3205
-8498;-1126;-7372
-6617;-6087;-530
-9649;-4582;-5067
-1441;-344;-1097
-10389;-4607;-5782
-8777;-6846;-1931
-10169;-3797;-6372
-18676;-9824;-8852
-11531;-2880;-8651
-2418;-1053;-1365
-7122;-5245;-1877
-12710;-8918;-3792
-16673;-8632;-8041
-12107;-6708;-5399
-7053;-3081;-3972
-17418;-7945;-9473
-7407;-3500;-3907
-11192;-2780;-8412
-6253;-613;-5640
-10203;-5952;-4251
-16929;-9944;-6985
-13732;-4526;-9206
-18469;-8857;-9612
-9849;-5321;-4528
-1061;-512;-549
-9456;-4034;-5422
-5791;-933;-4858
-2652;-955;-1697
-11126;-2508;-8618
-16788;-7462;-9326
-11665;-6238;-5427
-14069;-9441;-4628
-14258;-9474;-4784
-16578;-7048;-9530
-2663;-1900;-763
-13072;-9305;-3767
-17390;-8735;-8655
-17925;-8226;-9699
-7292;-6883;-409
-8797;-6793;-2004
-2191;-194;-1997
-3115;-2572;-543
-7886;-3182;-4704
-7289;-6193;-1096
-16116;-9293;-6823
-9754;-6233;-3521
-5733;-1044;-4689
-7203;-1323;-5880
-10431;-3843;-6588
-14384;-5668;-8716
-14456;-6412;-8044
-4678;-2947;-1731
-16304;-7246;-9058
-9766;-6241;-3525
-15845;-7112;-8733
-3729;-3027;-702
-6518;-3965;-2553
-17507;-8780;-8727
-8871;-7972;-899
-10612;-1772;-8840
-631;-122;-509
-4909;-1937;-2972
-13526;-7407;-6119
-16532;-8527;-8005
-10488;-5231;-5257
-15857;-9038;-6819
-17231;-7415;-9816
-9501;-6695;-2806
-15498;-6933;-8565
-5329;-1720;-3609
-9430;-6545;-2885
-9166;-1428;-7738
-7514;-4111;-3403
-9017;-5208;-3809
-7734;-4009;-3725
-6989;-1034;-5955
-7156;-5644;-1512
-2423;-2031;-392
-10390;-2992;-7398
-10327;-4529;-5798
-8479;-678;-7801
-10300;-469;-9831
-8776;-1773;-7003
-17485;-7996;-9489
-13129;-7155;-5974
-11566;-4742;-6824
-15976;-6570;-9406
-3091;-2751;-340
-13811;-8974;-4837
-8847;-8113;-734
-15614;-6544;-9070
-6957;-5740;-1217
-16621;-7786;-8835
-13949;-7652;-6297
-8911;-19;-8892
-16139;-9938;-6201
-14691;-5093;-9598
-11654;-1726;-9928
-2029;-916;-1113
-8299;-5726;-2573
-8857;-7572;-1285
-4311;-2227;-2084
-1916;-450;-1466
-12700;-9677;-3023
-1488;-933;-555
-8453;-7828;-625
-16429;-7211;-9218
-16820;-9095;-7725
-9231;-277;-8954
-10968;-8932;-2036
-12028;-3157;-8871
-9305;-5775;-3530
-7559;-5837;-1722
-8844;-5390;-3454
-3739;-1046;-2693
-9785;-5229;-4556
-7227;-6076;-1151
-11361;-5647;-5714
-15509;-8475;-7034
-9922;-5385;-4537
-13660;-5032;-8628
-14093;-6389;-7704
-10871;-2966;-7905
-4940;-1189;-3751
-10030;-8204;-1826
-9559;-486;-9073
-16427;-8503;-7924
-10052;-8479;-1573
-12261;-4724;-7537
-14141;-9611;-4530
-7778;-1306;-6472
-8819;-2925;-5894
-9199;-6682;-2517
-6210;-944;-5266
-10988;-9756;-1232
-7109;-4927;-2182
-3508;-3141;-367
-7560;-7426;-134
-11710;-9203;-2507
-15171;-6916;-8255
-6665;-3834;-2831
-14138;-5077;-9061
-6571;-3241;-3330
-18633;-9276;-9357
-4352;-2323;-2029
-12654;-7265;-5389
-10910;-3325;-7585
-2584;-1340;-1244
-12603;-8913;-3690
-9294;-2746;-6548
-7341;-2552;-4789
-3301;-2704;-597
-4872;-3365;-1507
-10684;-2917;-7767
-8480;-6761;-1719
-15567;-6604;-8963
-5288;-4087;-1201
-7576;-7525;-51
-13466;-5830;-7636
-12781;-8809;-3972
-16441;-6491;-9950
-9009;-1054;-7955
-9646;-8923;-723
-14825;-5459;-9366
-9601;-7679;-1922
-6975;-3983;-2992
-13343;-3874;-9469
-10697;-6091;-4606
-14160;-7716;-6444
-5141;-4199;-942
-12316;-3086;-9230
-11525;-3402;-8123
-17583;-8842;-8741
-7144;-4032;-3112
-4740;-2522;-2218
-12817;-7635;-5182
-10045;-6888;-3157
-7777;-5992;-1785
-16839;-7215;-9624
-10098;-7202;-2896
-13631;-6908;-6723
-9871;-9601;-270
-6697;-3638;-3059
-11768;-4367;-7401
-10398;-3337;-7061
-9648;-5017;-4631
-16344;-7657;-8687
-14116;-9781;-4335
-17164;-9696;-7468
-8189;-5680;-2509
-10811;-2010;-8801
-5173;-2489;-2684
-16486;-7656;-8830
-12111;-6506;-5605
-7193;-4568;-2625
-11450;-3384;-8066
-13036;-4566;-8470
-15440;-8048;-7392
-12369;-7631;-4738
-13402;-8334;-5068
-8948;-5212;-3736
-13288;-3928;-9360
-11198;-5244;-5954
-8115;-2811;-5304
-15133;-7375;-7758
-4654;-779;-3875
-10113;-4337;-5776
-6413;-1474;-4939
-9710;-8085;-1625
-5675;-4087;-1588
-18881;-9028;-9853
-15628;-8495;-7133
-7791;-1953;-5838
-4780;-729;-4051
-7880;-6158;-1722
-12705;-8145;-4560
-10370;-7626;-2744
-9552;-507;-9045
-5970;-3395;-2575
-8774;-301;-8473
-13251;-9066;-4185
-8913;-722;-8191
-5727;-148;-5579
-9816;-8929;-887
-9157;-8463;-694
-981;-508;-473
-11557;-1909;-9648
-12096;-3446;-8650
-13779;-9640;-4139
-9366;-3983;-5383
-6183;-90;-6093
-10417;-4518;-5899
-1236;-644;-592
-12099;-7209;-4890
-4522;-732;-3790
-9903;-9095;-808
-14914;-9403;-5511
-6912;-1370;-5542
-17396;-9985;-7411
-14839;-6052;-8787
-14567;-7825;-6742
-17628;-9794;-7834
-10946;-3764;-7182
-3969;-334;-3635
-10204;-906;-9298
-11506;-5948;-5558
-7061;-2247;-4814
-11342;-2122;-9220
-9113;-5542;-3571
-7853;-5122;-2731
-10127;-3335;-6792
-5732;-4653;-1079
-15793;-6654;-9139
-9670;-6572;-3098
-11643;-6088;-5555
-9457;-680;-8777
-3535;-2336;-1199
-645;-414;-231
-838;-309;-529
-13124;-7620;-5504
-14951;-5401;-9550
-11285;-9436;-1849
-18021;-9298;-8723
-15537;-8048;-7489
-9881;-57;-9824
-16806;-8194;-8612
-7423;-873;-6550
-6029;-4127;-1902
-7670;-2913;-4757
-12594;-3980;-8614
-4593;-1395;-3198
-11911;-6692;-5219
-14622;-5288;-9334
-10254;-5080;-5174
-16638;-9951;-6687
-16586;-7841;-8745
-16592;-7892;-8700
-8761;-8023;-738
-12302;-7413;-4889
-17249;-9187;-8062
-10722;-6044;-4678
-16687;-7578;-9109
-11591;-8440;-3151
-8023;-6206;-1817
-545;-60;-485
-12395;-5846;-6549
-16561;-8217;-8344
-8940;-39;-8901
-13060;-6340;-6720
-10314;-7816;-2498
-9985;-4680;-5305
-5661;-5550;-111
-9640;-6416;-3224
-9610;-1336;-8274
-10504;-4897;-5607
-10199;-3106;-7093
-13981;-8294;-5687
-7809;-1170;-6639
-7762;-3283;-4479
-12445;-5492;-6953
-15529;-7696;-7833
-5825;-4974;-851
-11420;-7614;-3806
-7731;-127;-7604
-12154;-3424;-8730
-15144;-8414;-6730
-5734;-4818;-916
-10795;-8829;-1966
-9367;-8553;-814
-16772;-7958;-8814
-17691;-8094;-9597
-11119;-5654;-5465
-12456;-6359;-6097
-8587;-7428;-1159
-16831;-8652;-8179
-9366;-4778;-4588
-10588;-2404;-8184
-10307;-1882;-8425
-11668;-9123;-2545
-14696;-6342;-8354
-15217;-7602;-7615
-7100;-4760;-2340
-8306;-7112;-1194
-2507;-1506;-1001
-7491;-3809;-3682
-5007;-3359;-1648
-6845;-5894;-951
-4658;-4500;-158
-9652;-3813;-5839
-6121;-423;-5698
-9928;-1629;-8299
-6670;-1950;-4720
-2364;-858;-1506
-5992;-5370;-622
-17450;-8040;-9410
-15210;-8307;-6903
-15431;-8048;-7383
-18380;-9779;-8601
-7142;-323;-6819
-6035;-3755;-2280
-6147;-1779;-4368
-12675;-9751;-2924
-1550;-152;-1398
-10538;-1583;-8955
-10365;-1180;-9185
-9236;-7043;-2193
-9268;-9149;-119
-11702;-6978;-4724
-15219;-9810;-5409
-6889;-6320;-569
-14197;-5071;-9126
-8303;-2900;-5403
-3957;-3942;-15
-5557;-747;-4810
-11993;-8067;-3926
-2756;-2116;-640
-17282;-7993;-9289
-9017;-4195;-4822
-7785;-1064;-6721
-11753;-5163;-6590
-9470;-1627;-7843
-12377;-6587;-5790
-9669;-7263;-2406
-7824;-1308;-6516
-16748;-6944;-9804
-10099;-4274;-5825
-9397;-4382;-5015
-7614;-5707;-1907
-8002;-1068;-6934
-4037;-1181;-2856
-7859;-5660;-2199
-7725;-2903;-4822
-14745;-5299;-9446
-13095;-9406;-3689
-8882;-3297;-5585
-8739;-244;-8495
-16825;-7765;-9060
-10339;-8758;-1581
-4722;-2683;-2039
-10557;-1155;-9402
-14135;-5279;-8856
-12633;-7518;-5115
-7082;-5870;-1212
-12534;-7705;-4829
-8615;-3608;-5007
-2091;-825;-1266
-13356;-4597;-8759
-11824;-5131;-6693
-16565;-8124;-8441
-15951;-6416;-9535
-12929;-7217;-5712
-2904;-2873;-31
-8378;-3177;-5201
-14613;-6712;-7901
-7155;-2276;-4879
-8950;-8256;-694
-13459;-6210;-7249
-15136;-9013;-6123
-1438;-1146;-292
-3575;-1187;-2388
-10296;-7816;-2480
-9985;-8467;-1518
-8313;-4146;-4167
-7274;-6578;-696
-11260;-4014;-7246
-9062;-6597;-2465
-8969;-5360;-3609
-13882;-9313;-4569
-12988;-7052;-5936
-8685;-2253;-6432
-3115;-1379;-1736
-5406;-5347;-59
-8705;-3996;-4709
-3793;-2078;-1715
-15000;-7188;-7812
-7949;-4470;-3479
-12026;-2069;-9957
-10829;-9620;-1209
-15340;-9842;-5498
-8462;-3029;-5433
-12915;-9325;-3590
-10168;-9751;-417
-8769;-2303;-6466
-3842;-738;-3104
-12540;-8251;-4289
-17101;-7956;-9145
-11673;-4250;-7423
-10870;-2282;-8588
-15952;-9182;-6770
-13744;-5278;-8466
-9696;-9456;-240
-5797;-4715;-1082
-6816;-6307;-509
-8893;-7880;-1013
-10547;-9302;-1245
-3939;-664;-3275
-8797;-2438;-6359
-11791;-5784;-6007
-5534;-3772;-1762
-4229;-593;-3636
-5698;-4284;-1414
-12933;-3364;-9569
-10119;-9290;-829
-11526;-2598;-8928
-3758;-996;-2762
-7381;-5071;-2310
-4993;-3817;-1176
-5648;-3024;-2624
-8876;-3567;-5309
-16809;-7503;-9306
-11984;-6805;-5179
-6286;-1216;-5070
-11221;-1785;-9436
-16434;-9556;-6878
-8130;-5420;-2710
-10314;-5458;-4856
-6721;-77;-6644
-6352;-3712;-2640
-12839;-9662;-3177
-15981;-7028;-8953
-15109;-6114;-8995
-5518;-967;-4551
-8817;-7443;-1374
-14235;-6043;-8192
-10051;-3010;-7041
-7382;-3448;-3934
-5011;-4437;-574
-5744;-4898;-846
-14009;-5556;-8453
-13581;-5399;-8182
-11970;-2602;-9368
-8923;-5305;-3618
-9766;-9309;-457
-2556;-811;-1745
-11828;-8252;-3576
-11617;-6471;-5146
-15507;-9215;-6292
-13101;-9345;-3756
-8484;-2455;-6029
-11892;-3631;-8261
-6743;-361;-6382
-10145;-2743;-7402
-10313;-2579;-7734
-16833;-7114;-9719
-7412;-233;-7179
-14394;-5917;-8477
-12265;-5098;-7167
-4326;-1959;-2367
-16540;-7715;-8825
-11442;-6289;-5153
-13355;-8842;-4513
-14502;-9595;-4907
-9358;-9148;-210
-7261;-182;-7079
-13503;-4808;-8695
-8010;-4881;-3129
-15817;-6623;-9194
-9396;-5186;-4210
-15441;-8014;-7427
-11032;-2908;-8124
-9565;-1487;-8078
-14186;-8966;-5220
-1733;-955;-778
-16609;-6691;-9918
-13677;-9273;-4404
-7760;-1038;-6722
-5863;-8;-5855
-9384;-7943;-1441
-17415;-9981;-7434
-13456;-6232;-7224
-9733;-4514;-5219
-7052;-214;-6838
-8599;-7004;-1595
-13761;-8940;-4821
-14763;-6602;-8161
-11642;-7985;-3657
-4437;-2227;-2210
-16929;-7976;-8953
-6655;-1937;-4718
-10229;-1250;-8979
-10948;-7206;-3742
-4667;-3927;-740
-12397;-2492;-9905
-2726;-588;-2138
-17500;-9489;-8011
-9737;-5837;-3900
-11681;-6310;-5371
-10188;-9332;-856
-14146;-5510;-8636
-7374;-1623;-5751
-6675;-74;-6601
-14044;-5884;-8160
-8074;-6425;-1649
-1868;-1743;-125
-10523;-2570;-7953
-14713;-6253;-8460
-15974;-6951;-9023
-2994;-2258;-736
-12845;-8968;-3877
-15887;-5968;-9919
-13796;-4131;-9665
-8006;-2207;-5799
-6189;-2595;-3594
-10756;-2715;-8041
-2707;-1702;-1005
-9497;-8968;-529
-11798;-6495;-5303
-9436;-5522;-3914
-8581;-5614;-2967
-13328;-8851;-4477
-8735;-5668;-3067
-6303;-3290;-3013
-6290;-5843;-447
-8719;-2471;-6248
-15029;-7914;-7115
-15553;-8912;-6641
-3280;-1733;-1547
-9030;-2569;-6461
-9800;-6085;-3715
-17021;-7607;-9414
-18653;-9515;-9138
-7322;-5644;-1678
-9831;-3308;-6523
-10822;-1357;-9465
-11168;-6347;-4821
-10020;-6596;-3424
-10898;-1645;-9253
-9181;-1165;-8016
-10665;-7684;-2981
-12434;-7975;-4459
-11779;-4274;-7505
-8062;-7;-8055
-9077;-1075;-8002
-16114;-7975;-8139
-14547;-9755;-4792
-10150;-5098;-5052
-13593;-7736;-5857
-8962;-7297;-1665
-11040;-7070;-3970
-10735;-1998;-8737
-3579;-2600;-979
-9891;-2118;-7773
-6237;-3017;-3220
-7192;-1341;-5851
-3112;-1392;-1720
56661;-1431;58092
2910;-5698;8608
40931;-9468;50399
41455;-4508;45963
69141;-963;70104
-2586;-2948;362
9914;-4514;14428
17280;-4218;21498
51129;-4699;55828
33502;-6223;39725
10824;-2133;12957
32089;-9494;41583
77718;-9964;87682
80507;-8033;88540
13106;-4813;17919
3296;-8603;11899
79202;-8072;87274
3335;-971;4306
-5073;-9392;4319
46963;-1646;48609
81730;-5920;87650
79278;-4827;84105
25712;-5387;31099
84047;-9084;93131
35192;-6650;41842
77262;-4651;81913
89973;-1554;91527
15277;-9090;24367
72121;-4653;76774
90444;-5903;96347
21637;-4862;26499
15962;-9226;25188
40528;-3941;44469
30024;-1224;31248
14681;-994;15675
2043;-4570;6613
66421;-6801;73222
59139;-2693;61832
8971;-4460;13431
33349;-806;34155
28159;-8032;36191
-3654;-4256;602
47913;-5105;53018
53024;-8638;61662
48878;-4560;53438
24491;-3295;27786
770;-3992;4762
16487;-8124;24611
9507;-9471;18978
-6574;-7172;598
85395;-9998;95393
94235;-3642;97877
39031;-8768;47799
21926;-879;22805
5739;-7946;13685
64536;-2518;67054
37177;-428;37605
2050;-4295;6345
50790;-4054;54844
27290;-5062;32352
49562;-3365;52927
34324;-2807;37131
28408;-3590;31998
79989;-2119;82108
13658;-6422;20080
86073;-6642;92715
62890;-6454;69344
70595;-8329;78924
23381;-4073;27454
67763;-5491;73254
10769;-9203;19972
10427;-1543;11970
30572;-8865;39437
89237;-603;89840
51950;-3051;55001
569;-5147;5716
5602;-2851;8453
62149;-6427;68576
28553;-3041;31594
64754;-3310;68064
48396;-2890;51286
20739;-25;20764
76561;-9011;85572
48481;-7784;56265
12402;-2048;14450
43369;-4019;47388
33228;-1640;34868
40609;-1539;42148
40331;-5235;45566
1511;-8235;9746
-305;-8651;8346
39440;-3210;42650
9942;-1328;11270
61146;-6560;67706
98376;-913;99289
89306;-1419;90725
68945;-2550;71495
58637;-5059;63696
75316;-222;75538
72362;-5294;77656
30065;-7962;38027
9855;-5844;15699
60433;-243;60676
61912;-580;62492
72139;-9386;81525
6871;-8371;15242
38379;-1760;40139
36398;-7625;44023
22053;-8463;30516
13820;-124;13944
80973;-9660;90633
2262;-2152;4414
10974;-3069;14043
1468;-1676;3144
81457;-2990;84447
20080;-7233;27313
17090;-1698;18788
54763;-5608;60371
38120;-4254;42374
65125;-5366;70491
81651;-3782;85433
31293;-3968;35261
76272;-4790;81062
73373;-3325;76698
64914;-9273;74187
15822;-9465;25287
91245;-2218;93463
81435;-5727;87162
47727;-9860;57587
65511;-9588;75099
59900;-1719;61619
46657;-5685;52342
12256;-4932;17188
33826;-5723;39549
36371;-1044;37415
20643;-8732;29375
-2546;-8974;6428
74738;-9960;84698
21192;-853;22045
56482;-1016;57498
25441;-4057;29498
16115;-7873;23988
73740;-7306;81046
42440;-2481;44921
26740;-6770;33510
42991;-2397;45388
2068;-7615;9683
41481;-8703;50184
34384;-905;35289
28765;-9553;38318
71695;-2955;74650
36451;-5591;42042
7013;-9155;16168
49138;-6583;55721
77139;-9409;86548
10228;-65;10293
62512;-2174;64686
75296;-6042;81338
78699;-5860;84559
24891;-9745;34636
2220;-6573;8793
18562;-426;18988
35513;-5997;41510
95291;-1003;96294
45874;-7523;53397
40457;-3897;44354
76624;-5387;82011
51080;-8192;59272
43906;-78;43984
6798;-6059;12857
77225;-4978;82203
2974;-4360;7334
28418;-3899;32317
30581;-3492;34073
14700;-3016;17716
11343;-1959;13302
21880;-9066;30946
37634;-6986;44620
3566;-1334;4900
57838;-3987;61825
17822;-4474;22296
64494;-5897;70391
85615;-2960;88575
75902;-635;76537
73121;-6210;79331
26611;-917;27528
7590;-7916;15506
7859;-6173;14032
20375;-8648;29023
81586;-5465;87051
24060;-4668;28728
25360;-2119;27479
77364;-7940;85304
-2393;-2944;551
34792;-359;35151
33809;-199;34008
23923;-4811;28734
17569;-4585;22154
77891;-4984;82875
49867;-9845;59712
66389;-1586;67975
14289;-1529;15818
27431;-7826;35257
50658;-319;50977
49807;-4776;54583
6636;-5143;11779
27901;-2364;30265
11820;-5832;17652
41038;-2160;43198
51716;-7237;58953
25856;-580;26436
56254;-4904;61158
7447;-2074;9521
91845;-2555;94400
19129;-1709;20838
83071;-318;83389
93275;-6371;99646
51466;-6603;58069
-671;-7264;6593
51849;-3806;55655
54074;-5638;59712
82086;-2409;84495
11206;-5256;16462
-4638;-6356;1718
48113;-4030;52143
-3110;-6764;3654
30658;-3746;34404
44789;-239;45028
90123;-2021;92144
33046;-4555;37601
48046;-486;48532
35329;-5600;40929
87339;-5975;93314
57472;-8086;65558
19258;-4409;23667
5840;-2800;8640
41450;-5118;46568
75853;-2936;78789
55925;-9441;65366
70339;-8625;78964
66631;-8442;75073
31437;-1439;32876
78093;-7171;85264
7838;-354;8192
52732;-8782;61514
89684;-8234;97918
59657;-6529;66186
33507;-1890;35397
33803;-8760;42563
50031;-8372;58403
73786;-9302;83088
2442;-1771;4213
88024;-4049;92073
33617;-2215;35832
39431;-5734;45165
54407;-2874;57281
40825;-8011;48836
26906;-1927;28833
9113;-5420;14533
12243;-8577;20820
37096;-2743;39839
90299;-7592;97891
8905;-6775;15680
63715;-3457;67172
21956;-3270;25226
87829;-8435;96264
79716;-4047;83763
12446;-4185;16631
17598;-63;17661
73085;-1483;74568
15183;-4819;20002
31573;-4169;35742
11167;-8945;20112
35844;-8203;44047
41514;-4261;45775
43064;-6429;49493
83947;-6412;90359
91186;-8674;99860
405;-5484;5889
30750;-3625;34375
74798;-8643;83441
61428;-8783;70211
73347;-4112;77459
13966;-579;14545
14141;-5278;19419
87230;-6832;94062
28683;-2320;31003
19490;-4541;24031
-2395;-4004;1609
81640;-148;81788
43997;-7493;51490
88296;-1296;89592
24365;-8712;33077
74008;-1744;75752
27706;-7996;35702
-5156;-9532;4376
33657;-357;34014
91876;-1947;93823
84907;-1220;86127
11509;-8149;19658
28;-7869;7897
-7794;-9373;1579
48506;-1538;50044
68580;-1749;70329
65316;-5292;70608
-2389;-9009;6620
1345;-3196;4541
32642;-677;33319
65781;-5626;71407
65760;-5639;71399
75958;-2135;78093
54770;-2487;57257
23256;-6410;29666
82810;-3196;86006
66970;-5880;72850
56340;-916;57256
32760;-3548;36308
36904;-5733;42637
38067;-8858;46925
65174;-1524;66698
67701;-6546;74247
23286;-160;23446
36728;-9478;46206
63738;-1786;65524
76678;-4265;80943
81857;-6895;88752
20834;-3596;24430
30972;-452;31424
6958;-5716;12674
83979;-6626;90605
18967;-8402;27369
44557;-3481;48038
48954;-1931;50885
62920;-1884;64804
58911;-6388;65299
27489;-2780;30269
65628;-4306;69934
12242;-5105;17347
91349;-2847;94196
7022;-2595;9617
35163;-712;35875
70594;-3128;73722
26146;-5190;31336
18070;-1558;19628
78327;-8084;86411
47850;-7678;55528
-5772;-9341;3569
34163;-126;34289
44618;-852;45470
76421;-1321;77742
91407;-5259;96666
64319;-4142;68461
26744;-8146;34890
88101;-3888;91989
26001;-8215;34216
60971;-8763;69734
17811;-4549;22360
14302;-9703;24005
59185;-2272;61457
25455;-3590;29045
87444;-4451;91895
86182;-1425;87607
73787;-825;74612
30691;-9157;39848
7594;-194;7788
95187;-3150;98337
56671;-8198;64869
9011;-2455;11466
42646;-9038;51684
30446;-2063;32509
70180;-1457;71637
55336;-8860;64196
63139;-995;64134
4432;-5105;9537
91797;-823;92620
11300;-9682;20982
85080;-7561;92641
5810;-9981;15791
50941;-8823;59764
88715;-7543;96258
71385;-3133;74518
80511;-1156;81667
67996;-1119;69115
24766;-8017;32783
79858;-3272;83130
17772;-4027;21799
6556;-3500;10056
63395;-7321;70716
77993;-12;78005
74118;-2648;76766
26153;-3137;29290
89068;-953;90021
3405;-7876;11281
80857;-7935;88792
45429;-4517;49946
10003;-6956;16959
53979;-8801;62780
61924;-977;62901
28370;-6249;34619
15139;-8803;23942
87360;-3612;90972
17293;-1034;18327
56195;-3453;59648
47886;-1559;49445
35052;-8797;43849
52746;-5483;58229
23019;-937;23956
40334;-7854;48188
1072;-5356;6428
50004;-5117;55121
34772;-3944;38716
28144;-4336;32480
83333;-4387;87720
71723;-3827;75550
-3905;-5288;1383
56591;-8483;65074
68737;-5682;74419
57085;-5965;63050
37367;-7515;44882
21256;-7049;28305
4481;-6648;11129
47361;-2241;49602
74682;-5487;80169
30405;-6882;37287
50994;-1807;52801
11134;-8740;19874
73762;-345;74107
91635;-2234;93869
40802;-2371;43173
40218;-4456;44674
-1671;-4753;3082
42493;-3746;46239
52838;-8807;61645
-2953;-3953;1000
25669;-2379;28048
20308;-3000;23308
-213;-5162;4949
56070;-3462;59532
72609;-7943;80552
56966;-7617;64583
43524;-4610;48134
33400;-5820;39220
36808;-1680;38488
21507;-210;21717
92681;-4592;97273
-5359;-5630;271
30656;-2374;33030
77406;-1267;78673
72099;-7690;79789
21920;-8114;30034
33685;-1720;35405
54264;-5172;59436
23353;-9723;33076
1697;-3493;5190
27164;-8365;35529
53908;-7797;61705
91952;-3660;95612
41515;-743;42258
84501;-6333;90834
14664;-1532;16196
68949;-3410;72359
91891;-3793;95684
76489;-4874;81363
62919;-2351;65270
94131;-421;94552
84856;-3479;88335
76219;-3296;79515
77448;-2517;79965
83478;-5629;89107
58234;-5210;63444
63675;-9636;73311
54074;-7437;61511
9669;-4050;13719
81685;-8254;89939
3718;-9469;13187
71797;-977;72774
54980;-6150;61130
80323;-7625;87948
4764;-6972;11736
4297;-6089;10386
54434;-1355;55789
22135;-9086;31221
86633;-5770;92403
1467;-8133;9600
2273;-1831;4104
35503;-8786;44289
52047;-4561;56608
4042;-3723;7765
70021;-93;70114
92105;-3633;95738
35180;-3824;39004
70905;-3739;74644
51553;-6613;58166
38545;-3282;41827
66078;-4601;70679
44788;-1019;45807
76076;-3748;79824
83902;-9433;93335
34923;-2205;37128
85077;-931;86008
35118;-2364;37482
8115;-3300;11415
79766;-5704;85470
29161;-9893;39054
90552;-1013;91565
70779;-5159;75938
-1785;-4883;3098
42441;-4491;46932
75934;-2978;78912
1435;-2857;4292
48169;-978;49147
13849;-5598;19447
78505;-8638;87143
9679;-6902;16581
7842;-950;8792
10831;-6816;17647
44260;-4151;48411
71683;-1603;73286
71273;-5434;76707
73770;-3736;77506
65149;-525;65674
23546;-7940;31486
21360;-1770;23130
52047;-516;52563
22211;-8916;31127
43154;-9446;52600
33521;-1839;35360
67044;-3818;70862
23213;-9205;32418
26281;-4417;30698
42096;-8541;50637
31039;-7374;38413
17793;-3045;20838
70584;-4934;75518
31249;-3552;34801
13171;-7727;20898
-4779;-5088;309
72199;-6718;78917
2163;-8263;10426
38578;-1598;40176
68879;-2431;71310
72700;-5287;77987
40334;-9112;49446
6149;-8951;15100
76988;-7829;84817
35648;-5417;41065
52308;-1903;54211
44000;-724;44724
9306;-3889;13195
21126;-1691;22817
22120;-827;22947
20531;-9089;29620
86255;-9846;96101
12446;-9248;21694
36193;-4525;40718
35578;-2131;37709
27971;-377;28348
984;-320;1304
65701;-7632;73333
13170;-6446;19616
-5916;-6442;526
43518;-4343;47861
93131;-4407;97538
93185;-2414;95599
20880;-2343;23223
20602;-5790;26392
92571;-7329;99900
96771;-435;97206
74682;-1051;75733
47717;-2063;49780
76320;-9518;85838
48034;-177;48211
3508;-720;4228
12908;-9549;22457
80695;-402;81097
25902;-6939;32841
26019;-3692;29711
17254;-4290;21544
614;-6908;7522
-2395;-8767;6372
73336;-1549;74885
46954;-5989;52943
10861;-5518;16379
22943;-3984;26927
21379;-9519;30898
37639;-3166;40805
39326;-1654;40980
44580;-7625;52205
28208;-8161;36369
90085;-7132;97217
39035;-8385;47420
64477;-1789;66266
10178;-41;10219
53899;-7619;61518
65811;-9559;75370
13319;-7811;21130
73242;-4459;77701
8296;-290;8586
10667;-7016;17683
72410;-1871;74281
45095;-8481;53576
12566;-8314;20880
25580;-7245;32825
60662;-9730;70392
98510;-577;99087
29331;-2207;31538
53758;-7005;60763
9499;-1023;10522
45838;-1033;46871
36303;-9565;45868
87250;-9391;96641
41194;-6710;47904
53762;-4396;58158
245;-7074;7319
11160;-1991;13151
9298;-659;9957
29945;-3680;33625
40938;-5817;46755
50393;-2490;52883
3366;-5182;8548
31179;-284;31463
-2728;-9766;7038
4081;-7636;11717
30396;-6676;37072
47634;-8697;56331
32501;-4236;36737
22305;-1474;23779
27057;-7885;34942
4100;-7293;11393
74634;-1650;76284
85098;-4621;89719
42038;-9413;51451
56135;-2519;58654
34609;-5625;40234
36268;-7919;44187
31012;-7939;38951
54419;-4169;58588
1907;-5544;7451
93185;-4637;97822
-3018;-9571;6553
82155;-2057;84212
90291;-2633;92924
20045;-9261;29306
66539;-5361;71900
45727;-8325;54052
52454;-8639;61093
79199;-9789;88988
42115;-7159;49274
18971;-5016;23987
27495;-7088;34583
89057;-3524;92581
52968;-2111;55079
34629;-7943;42572
2686;-5648;8334
27459;-3379;30838
17410;-7179;24589
66082;-1182;67264
23991;-4872;28863
-6858;-9255;2397
44004;-4580;48584
39639;-288;39927
58024;-7919;65943
53365;-2431;55796
34985;-1984;36969
71306;-5433;76739
54021;-6879;60900
79921;-1921;81842
19323;-505;19828
-542;-5017;4475
50302;-332;50634
70992;-5841;76833
70406;-4282;74688
45421;-1705;47126
14281;-9927;24208
85926;-2003;87929
86952;-5033;91985
544;-5209;5753
76470;-7380;83850
75919;-2745;78664
52598;-8681;61279
40279;-8083;48362
45404;-7046;52450
18654;-1422;20076
42382;-5164;47546
17004;-4233;21237
66279;-9417;75696
50899;-1874;52773
37577;-4483;42060
31921;-4916;36837
48514;-816;49330
45721;-7662;53383
50087;-4333;54420
8929;-171;9100
25932;-3460;29392
1037;-5830;6867
24629;-7873;32502
47907;-7339;55246
55052;-9490;64542
84696;-2227;86923
78095;-1209;79304
48234;-945;49179
30451;-1339;31790
44070;-9735;53805
75941;-7;75948
-3578;-6507;2929
57384;-8644;66028
18016;-8743;26759
87805;-2488;90293
53931;-6543;60474
65182;-159;65341
80561;-182;80743
8167;-8112;16279
-4844;-8067;3223
34164;-3549;37713
33483;-7263;40746
32170;-4452;36622
41955;-4365;46320
41867;-6485;48352
40912;-897;41809
88547;-7274;95821
16177;-821;16998
43150;-4522;47672
55057;-1899;56956
66947;-8550;75497
14620;-8114;22734
41220;-3720;44940
76566;-7604;84170
81983;-6239;88222
63524;-6021;69545
4308;-2891;7199
23997;-2181;26178
498;-9269;9767
51879;-8640;60519
3173;-1862;5035
26791;-121;26912
18252;-3913;22165
10188;-6377;16565
59369;-9148;68517
63896;-6738;70634
11731;-8870;20601
1020;-98;1118
2012;-9918;11930
32378;-6709;39087
22647;-4167;26814
27816;-4115;31931
60839;-6798;67637
73710;-220;73930
1941;-2499;4440
17386;-4160;21546
24352;-3540;27892
78150;-3578;81728
73187;-8755;81942
34478;-252;34730
18605;-2278;20883
57212;-3191;60403
19984;-5236;25220
40866;-8264;49130
42444;-5106;47550
54564;-5861;60425
20651;-4897;25548
17079;-9104;26183
29895;-4838;34733
31160;-6045;37205
72471;-5104;77575
30775;-6682;37457
12209;-5087;17296
82331;-8678;91009
61027;-6383;67410
37544;-5451;42995
37272;-241;37513
78636;-1386;80022
34303;-1518;35821
9145;-3874;13019
58669;-5222;63891
57441;-1547;58988
5114;-3986;9100
14955;-3368;18323
76139;-1967;78106
72255;-4961;77216
85133;-3705;88838
46134;-405;46539
86558;-7225;93783
84901;-3777;88678
38717;-8971;47688
13698;-2642;16340
74998;-395;75393
94094;-4645;98739
21339;-7434;28773
-8280;-8844;564
84088;-6518;90606
33720;-8600;42320
83087;-7684;90771
-8835;-9180;345
-1228;-7899;6671
79954;-4133;84087
17293;-2060;19353
48371;-3887;52258
82613;-9376;91989
69852;-7125;76977
52024;-8152;60176
72142;-8399;80541
20564;-1891;22455
4411;-5961;10372
91176;-2219;93395
56346;-8487;64833
60888;-5414;66302
76792;-8368;85160
93845;-3672;97517
89226;-3238;92464
19862;-5540;25402
59589;-2625;62214
86438;-4507;90945
68000;-1966;69966
23875;-6619;30494
17312;-3095;20407
23514;-5838;29352
56400;-7213;63613
83472;-3331;86803
85047;-8803;93850
20656;-5146;25802
-2796;-5379;2583
13937;-9038;22975
28549;-285;28834
29995;-3337;33332
2359;-4592;6951
5285;-7100;12385
67339;-9592;76931
95335;-677;96012
57272;-9854;67126
49795;-618;50413
55118;-3649;58767
74548;-582;75130
91314;-6906;98220
46793;-1968;48761
25501;-6417;31918
83719;-3206;86925
26849;-3721;30570
77251;-9686;86937
31972;-7243;39215
14094;-4687;18781
12105;-569;12674
27491;-8877;36368
30670;-8993;39663
24085;-5088;29173
15674;-2764;18438
4089;-629;4718
33059;-4237;37296
58603;-4919;63522
77921;-7397;85318
34453;-8022;42475
72999;-8092;81091
7919;-8684;16603
84113;-1608;85721
48922;-1555;50477
70433;-8647;79080
79094;-3510;82604
4089;-9251;13340
63931;-1485;65416
2995;-696;3691
22526;-3843;26369
51800;-6632;58432
75270;-7525;82795
43233;-2314;45547
66602;-4136;70738
86965;-1359;88324
54158;-4560;58718
60837;-4141;64978
87771;-6803;94574
4519;-4562;9081
-3949;-8572;4623
16604;-2613;19217
35876;-1599;37475
5059;-6162;11221
67046;-5958;73004
75337;-27;75364
7153;-2394;9547
13210;-1514;14724
62254;-7517;69771
34570;-5232;39802
16027;-3212;19239
36739;-8102;44841
32917;-878;33795
40537;-4574;45111
1598;-580;2178
46694;-9316;56010
30678;-8013;38691
88088;-3595;91683
98674;-720;99394
77644;-8554;86198
80039;-1229;81268
83356;-2833;86189
26965;-7493;34458
85610;-1434;87044
23828;-2327;26155
60403;-209;60612
87281;-2437;89718
82971;-7980;90951
44882;-3870;48752
32916;-1507;34423
68650;-689;69339
53188;-2419;55607
38349;-7325;45674
80068;-1520;81588
55295;-1533;56828
56692;-5447;62139
76465;-7633;84098
22120;-2449;24569
92710;-671;93381
41191;-4027;45218
32375;-4260;36635
26529;-8674;35203
36244;-927;37171
46506;-7446;53952
8775;-5369;14144
27977;-6738;34715
22458;-7534;29992
56011;-9633;65644
-216;-8343;8127
29535;-1250;30785
3281;-7787;11068
5309;-8462;13771
76228;-2453;78681
34646;-1310;35956
16296;-3711;20007
33660;-4896;38556
14747;-1319;16066
27561;-2090;29651
59409;-6656;66065
5301;-9708;15009
47165;-7512;54677
87343;-7921;95264
50197;-4684;54881
71780;-3577;75357
64707;-6705;71412
1063;-1169;2232
2046;-3938;5984
53582;-9754;63336
59921;-4247;64168
32281;-4454;36735
69341;-6358;75699
3748;-4310;8058
64621;-4935;69556
3978;-6688;10666
12361;-9942;22303
93755;-2078;95833
77162;-6917;84079
23882;-3364;27246
8698;-767;9465
54030;-3266;57296
81830;-718;82548
61474;-4199;65673
13465;-3276;16741
-847;-7538;6691
43083;-2228;45311
18666;-2795;21461
60857;-9126;69983
-5905;-9772;3867
51121;-3145;54266
60895;-1631;62526
42424;-2679;45103
77077;-7016;84093
62074;-3586;65660
41085;-1362;42447
98206;-1354;99560
50442;-3591;54033
38891;-2790;41681
74321;-4906;79227
48863;-2912;51775
58462;-3201;61663
61771;-4850;66621
72782;-6648;79430
61043;-5430;66473
94298;-5694;99992
21535;-2823;24358
89791;-3872;93663
88489;-6639;95128
20500;-8286;28786
90236;-8040;98276
85042;-6924;91966
69346;-2369;71715
40920;-4955;45875
32358;-4197;36555
78859;-2687;81546
86986;-5587;92573
809;-2736;3545
24459;-588;25047
63490;-1427;64917
34135;-5615;39750
39830;-9861;49691
36787;-2169;38956
58508;-969;59477
96424;-2424;98848
26814;-7159;33973
51873;-9561;61434
61357;-6726;68083
-1608;-3678;2070
57079;-379;57458
37239;-3443;40682
-4239;-5535;1296
46376;-3714;50090
71990;-9239;81229
19905;-4036;23941
69478;-8578;78056
62917;-2514;65431
22185;-1414;23599
29049;-2306;31355
47894;-8505;56399
771;-316;1087
33667;-6186;39853
73381;-7621;81002
87821;-1279;89100
90599;-898;91497
86439;-2785;89224
85616;-1808;87424
65200;-626;65826
90865;-3026;93891
15831;-4463;20294
84170;-4289;88459
18136;-605;18741
39351;-8171;47522
74219;-5215;79434
65179;-5323;70502
8814;-2766;11580
65902;-6574;72476
28736;-2659;31395
-707;-6932;6225
73354;-8214;81568
35116;-1856;36972
-5160;-9567;4407
11859;-4321;16180
77253;-5003;82256
29760;-7851;37611
35074;-8879;43953
45449;-7082;52531
24673;-8264;32937
88137;-5316;93453
78907;-4005;82912
26571;-7385;33956
37018;-7244;44262
71302;-9615;80917
86339;-3432;89771
23595;-9690;33285
20081;-8974;29055
86770;-3899;90669
41117;-6460;47577
15147;-9807;24954
53845;-9793;63638
88582;-7125;95707
2965;-6019;8984
64233;-8405;72638
30687;-8891;39578
34942;-6446;41388
48088;-3767;51855
26225;-8391;34616
56046;-743;56789
39227;-6243;45470
10675;-9898;20573
24872;-9216;34088
32151;-6337;38488
69661;-3872;73533
23262;-4661;27923
45836;-6915;52751
52850;-1233;54083
68387;-8530;76917
45514;-1744;47258
79903;-7280;87183
48829;-2043;50872
40851;-5976;46827
48172;-163;48335
69173;-7804;76977
2388;-5486;7874
46395;-4657;51052
44142;-1463;45605
56480;-9970;66450
-6873;-8150;1277
68027;-433;68460
52103;-3534;55637
44429;-6075;50504
33932;-8510;42442
56262;-1878;58140
1169;-355;1524
22481;-4284;26765
73150;-6881;80031
81344;-472;81816
70721;-4425;75146
1351;-492;1843
88257;-5005;93262
976;-4827;5803
73734;-3927;77661
71964;-1266;73230
14951;-5166;20117
48821;-5899;54720
79369;-6976;86345
59634;-5859;65493
54387;-2392;56779
-3821;-4911;1090
59348;-2740;62088
-4809;-5281;472
84374;-7647;92021
37880;-964;38844
9340;-2577;11917
4310;-858;5168
-8749;-9027;278
85428;-9714;95142
-2005;-8468;6463
71579;-1932;73511
15221;-7647;22868
87074;-3173;90247
72213;-9928;82141
89771;-4288;94059
79103;-2743;81846
26816;-4873;31689
32822;-1566;34388
86996;-2221;89217
40611;-965;41576
36761;-2966;39727
60797;-4154;64951
38502;-4528;43030
7046;-9665;16711
22712;-4190;26902
58234;-1435;59669
12652;-396;13048
70273;-6801;77074
75482;-939;76421
3580;-1355;4935
26357;-2607;28964
55847;-717;56564
49079;-8779;57858
56423;-1361;57784
93207;-6610;99817
51045;-356;51401
85768;-6696;92464
7447;-7148;14595
29155;-6373;35528
65189;-1259;66448
29304;-4177;33481
49198;-6161;55359
65376;-15;65391
35832;-499;36331
29834;-1344;31178
84377;-9876;94253
17820;-9390;27210
60760;-1731;62491
32818;-1462;34280
41504;-9170;50674
9352;-2673;12025
58874;-5260;64134
61466;-3232;64698
68072;-4193;72265
29337;-6674;36011
81058;-5494;86552
92064;-751;92815
38812;-990;39802
65259;-1755;67014
10196;-5402;15598
51138;-3097;54235
36464;-3778;40242
60767;-4379;65146
51409;-4504;55913
19305;-5845;25150
23725;-6451;30176
15277;-3123;18400
21036;-9178;30214
-3256;-7829;4573
57251;-2349;59600
-1631;-3754;2123
88002;-4821;92823
3578;-393;3971
90552;-8252;98804
42394;-2921;45315
17143;-7472;24615
44079;-2206;46285
90561;-735;91296
37766;-7195;44961
20015;-2311;22326
25665;-6053;31718
-861;-9709;8848
14033;-681;14714
18653;-5778;24431
86985;-1906;88891
1933;-8265;10198
49660;-2874;52534
28748;-3641;32389
-8336;-9725;1389
79165;-7858;87023
46434;-1945;48379
38330;-3323;41653
43702;-1838;45540
73697;-8428;82125
33123;-1352;34475
70126;-7943;78069
68232;-4168;72400
14520;-4012;18532
19756;-8981;28737
90318;-4191;94509
81664;-556;82220
72835;-6632;79467
61344;-7359;68703
31724;-4127;35851
93168;-3276;96444
-3665;-4012;347
62790;-3988;66778
78115;-9895;88010
74483;-9694;84177
11625;-1915;13540
79840;-5656;85496
56942;-8130;65072
46600;-6814;53414
89595;-6099;95694
-1580;-7872;6292
9181;-7531;16712
11392;-483;11875
77261;-8702;85963
15030;-3928;18958
93848;-4074;97922
78220;-4594;82814
13379;-2569;15948
76275;-9390;85665
51011;-3256;54267
36940;-4570;41510
11189;-9098;20287
58683;-8043;66726
6852;-9565;16417
53412;-7671;61083
78773;-2800;81573
88615;-8127;96742
31813;-7922;39735
20522;-6180;26702
13087;-5902;18989
55308;-621;55929
65566;-9365;74931
76989;-4843;81832
9603;-7837;17440
6294;-5097;11391
87639;-4746;92385
78199;-6207;84406
72006;-231;72237
42864;-5805;48669
10207;-8069;18276
80602;-1667;82269
2983;-7171;10154
41216;-8957;50173
77903;-5310;83213
5079;-1504;6583
74802;-2846;77648
55998;-5282;61280
87389;-3930;91319
71912;-7446;79358
51143;-5784;56927
22415;-7138;29553
15073;-2989;18062
54972;-7608;62580
1429;-8392;9821
8394;-2006;10400
39433;-1556;40989
48574;-7818;56392
7239;-4844;12083
81954;-9673;91627
27455;-2358;29813
-1286;-2202;916
24600;-8280;32880
39444;-4740;44184
70281;-7257;77538
-4471;-5586;1115
21417;-2056;23473
36535;-7551;44086
11233;-7277;18510
84516;-26;84542
38355;-6319;44674
-6326;-6468;142
67228;-3757;70985
57216;-1271;58487
9347;-8242;17589
879;-5853;6732
24597;-7465;32062
16092;-7760;23852
51228;-309;51537
33531;-1597;35128
18196;-5357;23553
20868;-2547;23415
57368;-2307;59675
86806;-9820;96626
81625;-3332;84957
63499;-1349;64848
26353;-2961;29314
28036;-616;28652
81399;-8562;89961
22267;-7408;29675
68604;-7034;75638
80052;-5984;86036
26635;-2816;29451
20709;-4425;25134
45612;-5558;51170
76791;-524;77315
30251;-9519;39770
22305;-1082;23387
35872;-1119;36991
8761;-3936;12697
-4547;-5022;475
48752;-4219;52971
65896;-8647;74543
9336;-8975;18311
47274;-9142;56416
39434;-8305;47739
27222;-9235;36457
43469;-883;44352
25068;-950;26018
55467;-5365;60832
86520;-7816;94336
79408;-2282;81690
97476;-683;98159
30149;-1172;31321
69459;-4099;73558
28363;-3566;31929
41308;-5562;46870
18916;-8881;27797
-303;-7666;7363
21706;-9524;31230
22962;-8357;31319
8488;-2918;11406
64843;-101;64944
2907;-7267;10174
79812;-4070;83882
30307;-9844;40151
6123;-8528;14651
20427;-7503;27930
63230;-7120;70350
52991;-76;53067
6520;-2237;8757
-326;-6792;6466
2869;-8520;11389
9428;-4054;13482
37480;-112;37592
43811;-894;44705
60453;-9833;70286
43773;-8037;51810
8892;-8693;17585
-6341;-9045;2704
54430;-8317;62747
86231;-8318;94549
78024;-8385;86409
45757;-7517;53274
18236;-453;18689
41550;-8073;49623
17241;-7039;24280
63870;-9040;72910
-8943;-9281;338
10567;-4107;14674
17870;-1541;19411
84054;-7859;91913
-6453;-7234;781
5517;-6748;12265
72889;-8090;80979
2319;-1572;3891
29610;-4097;33707
712;-8773;9485
38033;-8670;46703
62344;-6839;69183
73917;-9629;83546
86404;-6413;92817
27187;-5500;32687
6351;-5325;11676
33658;-1880;35538
73906;-7898;81804
32144;-7107;39251
89607;-4713;94320
-1078;-4660;3582
45637;-5042;50679
20321;-7180;27501
4733;-5454;10187
61751;-4377;66128
59231;-9513;68744
7657;-5626;13283
-935;-1812;877
4274;-6521;10795
52210;-7077;59287
-6182;-6666;484
82282;-9293;91575
45234;-522;45756
53612;-8519;62131
80389;-2570;82959
26182;-6446;32628
23784;-5619;29403
49764;-406;50170
307;-5129;5436
96003;-3195;99198
32921;-9129;42050
83410;-455;83865
80819;-7539;88358
6542;-8667;15209
38518;-6037;44555
53549;-1590;55139
12513;-4977;17490
75428;-8398;83826
3769;-3681;7450
61593;-3221;64814
36673;-9013;45686
9224;-5348;14572
25185;-5119;30304
54338;-7418;61756
9793;-3968;13761
86247;-8982;95229
90284;-2730;93014
44032;-8368;52400
31622;-2836;34458
64376;-3214;67590
3776;-3314;7090
97606;-1529;99135
25871;-8889;34760
23639;-377;24016
91060;-5735;96795
39958;-352;40310
-1868;-2865;997
59805;-600;60405
6890;-3763;10653
63626;-1530;65156
10903;-2804;13707
66209;-2897;69106
60096;-9934;70030
47048;-5350;52398
3605;-649;4254
24089;-7328;31417
50257;-861;51118
36989;-3226;40215
19064;-8093;27157
21567;-9754;31321
83423;-454;83877
31207;-4763;35970
60279;-2086;62365
6939;-3698;10637
32017;-6690;38707
39286;-6713;45999
93575;-4478;98053
44459;-6741;51200
76006;-4036;80042
4610;-2891;7501
-209;-6015;5806
9208;-9077;18285
41254;-1043;42297
53628;-6592;60220
18891;-9940;28831
19415;-7737;27152
22312;-5157;27469
96137;-457;96594
21112;-3346;24458
64893;-9098;73991
27330;-5054;32384
50631;-2426;53057
14855;-5055;19910
3725;-7696;11421
64320;-618;64938
18932;-120;19052
8966;-9757;18723
75283;-5652;80935
25335;-8247;33582
77522;-5381;82903
59408;-6890;66298
48142;-1892;50034
33325;-8069;41394
72114;-867;72981
34791;-749;35540
-4463;-4925;462
46608;-3105;49713
7341;-256;7597
12943;-6635;19578
70938;-9288;80226
60831;-8096;68927
61484;-5823;67307
8005;-4217;12222
95039;-3143;98182
36047;-7216;43263
40922;-3524;44446
18921;-8465;27386
42677;-5211;47888
97021;-2616;99637
79349;-6605;85954
2104;-7582;9686
51525;-6766;58291
38827;-4783;43610
29940;-2340;32280
85798;-6831;92629
9737;-1814;11551
6783;-1651;8434
38159;-2621;40780
46067;-8592;54659
42376;-9454;51830
14259;-2363;16622
14792;-5787;20579
34946;-4623;39569
73506;-5240;78746
82148;-7921;90069
96420;-449;96869
62442;-9836;72278
73152;-8205;81357
88703;-6952;95655
72293;-9379;81672
87249;-5269;92518
52908;-5290;58198
32574;-6526;39100
27436;-828;28264
52465;-9883;62348
86471;-9819;96290
-4230;-6688;2458
-7013;-7841;828
28547;-1387;29934
11994;-2384;14378
26089;-7130;33219
71542;-9856;81398
78893;-7984;86877
43305;-2464;45769
29460;-8348;37808
28192;-8186;36378
29901;-9296;39197
71325;-791;72116
42747;-7239;49986
53356;-2892;56248
42828;-2907;45735
11209;-1706;12915
36304;-6828;43132
10084;-3620;13704
27544;-1372;28916
40110;-2418;42528
42968;-9440;52408
-618;-9945;9327
92667;-1534;94201
81112;-6595;87707
24073;-2063;26136
89193;-2778;91971
71334;-4598;75932
-2058;-2584;526
24331;-643;24974
29372;-309;29681
60838;-4682;65520
32249;-7783;40032
71138;-7383;78521
12070;-9809;21879
51612;-651;52263
81788;-7320;89108
10321;-3465;13786
76727;-6893;83620
40071;-9829;49900
84014;-1611;85625
43860;-4914;48774
57596;-3048;60644
46767;-9115;55882
78468;-6587;85055
23427;-2215;25642
521;-1084;1605
94163;-1614;95777
85554;-6783;92337
-5083;-6200;1117
90722;-2882;93604
16568;-2690;19258
53883;-2116;55999
61291;-341;61632
18344;-5790;24134
58178;-9392;67570
55750;-7789;63539
26619;-4407;31026
5918;-457;6375
17001;-1348;18349
36360;-3218;39578
14407;-3414;17821
1712;-1623;3335
26372;-8300;34672
89487;-2708;92195
7556;-8295;15851
4168;-1803;5971
49013;-6443;55456
65252;-563;65815
41432;-893;42325
31208;-2498;33706
36333;-9954;46287
56521;-1234;57755
59062;-2053;61115
56470;-1815;58285
18128;-8790;26918
50173;-4966;55139
15909;-3602;19511
68713;-5388;74101
30680;-2661;33341
77191;-7923;85114
86985;-4972;91957
55752;-8909;64661
43349;-4504;47853
84494;-5917;90411
32024;-4789;36813
14345;-7552;21897
49538;-8220;57758
81311;-698;82009
18674;-3128;21802
94937;-2014;96951
53544;-682;54226
14823;-5665;20488
25666;-9368;35034
53402;-8572;61974
85355;-7560;92915
92168;-4939;97107
25227;-8760;33987
81860;-2317;84177
35064;-8922;43986
24433;-5180;29613
51219;-9464;60683
59902;-6199;66101
72991;-2546;75537
11419;-4073;15492
5473;-3580;9053
13057;-1267;14324
54716;-9509;64225
83988;-1194;85182
-2209;-7648;5439
83261;-1457;84718
92495;-7491;99986
45487;-5300;50787
24994;-5936;30930
30916;-7827;38743
55877;-1311;57188
9297;-6305;15602
4447;-7263;11710
53817;-5368;59185
75576;-6202;81778
29090;-2309;31399
-3807;-7319;3512
94139;-2938;97077
77483;-2345;79828
2478;-8300;10778
-4859;-5523;664
47172;-2818;49990
16509;-2825;19334
6006;-3314;9320
76237;-5740;81977
51698;-8520;60218
57001;-7335;64336
90804;-6212;97016
35518;-9839;45357
95842;-109;95951
60618;-9176;69794
42375;-5496;47871
20109;-2416;22525
53723;-1165;54888
55442;-5282;60724
9223;-4669;13892
69045;-1886;70931
45311;-5971;51282
51598;-7105;58703
62145;-372;62517
87361;-7592;94953
44705;-6331;51036
47848;-160;48008
-5;-603;598
29867;-2046;31913
24561;-5341;29902
81877;-4782;86659
20066;-4707;24773
91989;-4088;96077
56965;-4857;61822
43788;-9302;53090
76434;-3443;79877
-6951;-7677;726
24568;-7147;31715
57584;-7260;64844
-6908;-8330;1422
10495;-705;11200
73693;-8082;81775
44309;-5140;49449
-284;-7587;7303
16498;-5814;22312
15133;-6649;21782
85638;-9978;95616
38641;-2462;41103
74718;-7564;82282
46073;-9554;55627
89011;-6550;95561
95929;-2518;98447
88983;-5409;94392
92518;-103;92621
68398;-9261;77659
30666;-8368;39034
87717;-1453;89170
16413;-3289;19702
84606;-5541;90147
76567;-9540;86107
76898;-7354;84252
74286;-6426;80712
33386;-8285;41671
37148;-1085;38233
94129;-1226;95355
32161;-5260;37421
40110;-2294;42404
69773;-6525;76298
76593;-664;77257
80145;-1389;81534
52700;-9327;62027
2350;-9729;12079
-4790;-7515;2725
60314;-7872;68186
85310;-7730;93040
62620;-8657;71277
65253;-9335;74588
86174;-3034;89208
63086;-4818;67904
33517;-9990;43507
47592;-2548;50140
91074;-4750;95824
15536;-188;15724
83042;-5123;88165
67861;-6721;74582
68793;-5821;74614
29453;-5987;35440
86516;-1552;88068
53514;-2323;55837
93063;-6316;99379
85978;-5029;91007
37987;-3054;41041
52363;-7381;59744
57497;-2153;59650
3013;-5859;8872
-6668;-8543;1875
21496;-434;21930
47186;-7103;54289
96157;-3684;99841
20325;-7553;27878
14416;-4102;18518
19824;-837;20661
90604;-4691;95295
76314;-9506;85820
14206;-4579;18785
1305;-9803;11108
75611;-5656;81267
86877;-9493;96370
59551;-8900;68451
-6793;-8238;1445
63823;-4222;68045
46831;-9348;56179
1188;-4016;5204
81049;-624;81673
6922;-3902;10824
-4614;-8544;3930
61158;-6209;67367
11346;-8637;19983
78884;-5151;84035
33853;-4034;37887
74018;-9861;83879
88716;-8800;97516
96023;-2268;98291
-3766;-4390;624
7626;-2270;9896
43575;-3993;47568
73285;-3643;76928
85542;-531;86073
516;-649;1165
76760;-6167;82927
72528;-34;72562
58798;-121;58919
47143;-6101;53244
90861;-972;91833
193;-271;464
18889;-1974;20863
41930;-552;42482
36334;-7615;43949
91846;-1062;92908
76545;-7669;84214
51877;-6409;58286
33453;-5827;39280
54922;-2823;57745
85334;-5371;90705
86264;-3030;89294
77260;-9350;86610
11886;-4780;16666
77858;-7275;85133
91486;-2383;93869
18472;-9484;27956
38099;-8571;46670
12219;-8957;21176
16361;-3963;20324
524;-9266;9790
82439;-7959;90398
45737;-5781;51518
79378;-9377;88755
63027;-8806;71833
73684;-3954;77638
86010;-7252;93262
26492;-1326;27818
58287;-1993;60280
74531;-11;74542
13366;-1962;15328
65279;-8993;74272
59934;-5367;65301
57955;-8185;66140
88042;-5233;93275
18262;-7660;25922
97850;-563;98413
22081;-4534;26615
73999;-2999;76998
12590;-6613;19203
40527;-9573;50100
34935;-7846;42781
52522;-1419;53941
74383;-9046;83429
42128;-7444;49572
2632;-3629;6261
2042;-1390;3432
20320;-9928;30248
83379;-799;84178
47376;-8150;55526
22184;-2974;25158
57753;-1682;59435
66188;-4914;71102
6418;-9077;15495
52314;-902;53216
29763;-2388;32151
40581;-5787;46368
22661;-2069;24730
25263;-8135;33398
83551;-8150;91701
93092;-2103;95195
46706;-9325;56031
53636;-2769;56405
6821;-386;7207
86051;-5706;91757
47527;-9640;57167
21863;-3980;25843
95647;-3144;98791
72073;-3015;75088
16393;-321;16714
3443;-8194;11637
51963;-1530;53493
62647;-8283;70930
63182;-1089;64271
24283;-7587;31870
75147;-229;75376
5059;-8613;13672
46149;-8121;54270
66722;-6419;73141
76620;-9959;86579
51613;-7916;59529
4134;-3087;7221
72243;-2579;74822
22292;-3529;25821
26451;-3429;29880
51105;-4096;55201
65568;-5138;70706
13345;-649;13994
8832;-6156;14988
34113;-1881;35994
15706;-2121;17827
18785;-9382;28167
89564;-1763;91327
42801;-6980;49781
15255;-2873;18128
96;-7448;7544
50570;-4423;54993
9194;-3573;12767
57678;-9529;67207
20772;-208;20980
69727;-6456;76183
65898;-9837;75735
62354;-8681;71035
54666;-2050;56716
31591;-7590;39181
98391;-1411;99802
65050;-4653;69703
10191;-4749;14940
91519;-5744;97263
37364;-8242;45606
10485;-9584;20069
19439;-1943;21382
83363;-9787;93150
94261;-1519;95780
34445;-2420;36865
55558;-6143;61701
10140;-7560;17700
65195;-3190;68385
14028;-6090;20118
69627;-1492;71119
53229;-5662;58891
55398;-7943;63341
64742;-4614;69356
8016;-2826;10842
26099;-8576;34675
36368;-4937;41305
54618;-5481;60099
50800;-2696;53496
15473;-5124;20597
29757;-6760;36517
80570;-5684;86254
44879;-4794;49673
50617;-9428;60045
61699;-550;62249
1914;-1925;3839
84633;-7717;92350
72104;-1647;73751
9998;-116;10114
32899;-9197;42096
94759;-4825;99584
2847;-4588;7435
30964;-8443;39407
71434;-6601;78035
33095;-8612;41707
51528;-4895;56423
16145;-2326;18471
23408;-3305;26713
54610;-4865;59475
28018;-3125;31143
72420;-3425;75845
2162;-9385;11547
71673;-8113;79786
15618;-8822;24440
62732;-3009;65741
53340;-9885;63225
2761;-6311;9072
43706;-1416;45122
-4782;-7598;2816
23132;-1410;24542
15049;-7281;22330
28440;-4215;32655
41736;-7825;49561
76278;-8165;84443
-3826;-7084;3258
-7069;-9393;2324
50008;-8781;58789
24193;-7377;31570
81346;-7688;89034
29537;-1815;31352
2614;-415;3029
82444;-4587;87031
71275;-990;72265
93744;-4093;97837
86919;-4255;91174
26823;-9460;36283
24947;-6152;31099
31773;-8993;40766
42386;-5919;48305
74811;-5315;80126
49705;-9192;58897
27407;-6870;34277
83071;-1122;84193
57844;-7688;65532
60562;-6040;66602
12479;-5801;18280
77802;-3210;81012
86453;-6170;92623
81512;-7413;88925
4634;-413;5047
48964;-7941;56905
10279;-4761;15040
20;-4291;4311
-1985;-8839;6854
65976;-8292;74268
34590;-1100;35690
86852;-9986;96838
79865;-1991;81856
28826;-4335;33161
20553;-5401;25954
68828;-6911;75739
50771;-2042;52813
74754;-8933;83687
71054;-4461;75515
82755;-7331;90086
69332;-7743;77075
10582;-2864;13446
72095;-3636;75731
88520;-5333;93853
71924;-4940;76864
45973;-4506;50479
1356;-2863;4219
71080;-641;71721
35461;-1287;36748
94596;-1936;96532
28664;-3816;32480
60007;-7945;67952
82463;-7754;90217
87591;-8156;95747
22466;-6415;28881
39435;-6557;45992
87930;-3235;91165
8010;-2563;10573
33824;-8592;42416
69373;-3465;72838
78405;-5878;84283
31967;-9055;41022
7770;-5554;13324
75101;-1685;76786
70500;-2069;72569
61791;-6814;68605
10874;-9924;20798
65236;-5404;70640
68800;-707;69507
60526;-7698;68224
80197;-6811;87008
41358;-2286;43644
-5898;-7051;1153
82182;-6551;88733
51210;-3959;55169
81297;-1428;82725
25474;-9695;35169
73757;-7956;81713
63727;-763;64490
91025;-786;91811
50140;-7110;57250
9076;-509;9585
12982;-4231;17213
41021;-879;41900
22125;-6020;28145
59035;-7174;66209
72415;-390;72805
33609;-8968;42577
54409;-731;55140
67441;-2492;69933
1842;-9563;11405
67780;-6475;74255
10097;-7142;17239
58316;-1766;60082
68821;-8097;76918
68649;-6378;75027
77795;-1685;79480
57459;-9543;67002
41291;-1619;42910
46363;-9218;55581
83015;-6571;89586
16595;-8201;24796
21540;-5005;26545
26293;-666;26959
13374;-487;13861
51850;-4212;56062
-3335;-9650;6315
70654;-4213;74867
3947;-4422;8369
45851;-1525;47376
89762;-1173;90935
66031;-8653;74684
93959;-1097;95056
38645;-9237;47882
65143;-5402;70545
92417;-6323;98740
82355;-9972;92327
79156;-2215;81371
80571;-3730;84301
57587;-639;58226
29734;-338;30072
33025;-9019;42044
80041;-4763;84804
37339;-6743;44082
52679;-9353;62032
65865;-617;66482
12288;-811;13099
9016;-2357;11373
27380;-8906;36286
64995;-7734;72729
33398;-7997;41395
84325;-9536;93861
82708;-9640;92348
46632;-8671;55303
64850;-6351;71201
-74;-3787;3713
39079;-3902;42981
20863;-339;21202
63264;-6963;70227
11224;-6150;17374
88185;-8866;97051
10856;-3618;14474
6615;-1750;8365
81112;-9482;90594
51956;-8794;60750
30189;-4175;34364
25705;-3167;28872
97446;-677;98123
81899;-5894;87793
80715;-2660;83375
30161;-7732;37893
81820;-7923;89743
58601;-8639;67240
9104;-4339;13443
19512;-6541;26053
83256;-1668;84924
73085;-8984;82069
57112;-7778;64890
88629;-6599;95228
51711;-5552;57263
87730;-908;88638
86469;-8476;94945
20732;-6197;26929
83587;-3138;86725
43387;-8193;51580
79682;-5802;85484
64264;-5285;69549
23322;-7263;30585
77543;-6786;84329
48918;-5185;54103
60233;-4938;65171
22135;-3145;25280
62325;-7622;69947
62556;-1070;63626
15432;-6839;22271
5425;-2518;7943
1621;-3696;5317
4177;-6943;11120
62634;-9059;71693
79641;-1499;81140
1010;-129;1139
73128;-9166;82294
17369;-2243;19612
24435;-9366;33801
40367;-8090;48457
22823;-936;23759
36805;-9337;46142
67948;-3606;71554
69615;-621;70236
30051;-6188;36239
12938;-1237;14175
85586;-916;86502
78242;-3854;82096
3101;-2292;5393
62836;-5571;68407
19786;-8878;28664
88033;-3241;91274
83618;-582;84200
45744;-5730;51474
91589;-8293;99882
95802;-3832;99634
89599;-5544;95143
19481;-6975;26456
86507;-5520;92027
60651;-810;61461
58581;-8602;67183
54452;-7420;61872
7171;-7462;14633
83886;-8319;92205
88411;-4814;93225
21017;-9132;30149
77665;-7358;85023
82585;-136;82721
1770;-8986;10756
59684;-4734;64418
28277;-5580;33857
89977;-5933;95910
31514;-2157;33671
53025;-5717;58742
53224;-3395;56619
43257;-9741;52998
53772;-1840;55612
53240;-8768;62008
70765;-6470;77235
30166;-7361;37527
33539;-8734;42273
35895;-8216;44111
40648;-6879;47527
41996;-2210;44206
48786;-990;49776
48556;-6503;55059
50415;-9147;59562
8195;-4862;13057
75590;-4746;80336
61633;-8217;69850
78725;-8791;87516
32239;-8757;40996
24356;-2362;26718
47317;-6674;53991
56104;-9191;65295
24327;-8954;33281
98154;-510;98664
68382;-8818;77200
89856;-9295;99151
46125;-270;46395
46292;-9491;55783
-2873;-5349;2476
13909;-6388;20297
78282;-9745;88027
32508;-5779;38287
22258;-4141;26399
26960;-6527;33487
48465;-7929;56394
30110;-2541;32651
9777;-2628;12405
58568;-9905;68473
31826;-5127;36953
74293;-7983;82276
-6530;-8655;2125
20737;-407;21144
49405;-4443;53848
-1821;-6207;4386
-539;-4895;4356
